293735
609888
251422
789672
431497
554423
728789
673069
991814
517706
210459
813703
349224
181442
256883
582696
710344
89516
224965
846302
578347
310936
878618
410260
61997
915345
268144
239476
526758
85975
631512
429728
901682
809806
929552
613291
275526
659315
245226
312710
585177
803978
306641
310201
86613
44768
21703
363322
59837
187422
307148
879962
507423
418364
686903
215301
36822
235482
494048
790779
820149
382594
900936
476835
847641
584304
759876
591
714438
491864
931068
883033
54862
891078
693625
405421
1199
639565
675863
577498
242460
693876
958205
158547
860578
153192
237452
988841
158502
753366
222629
217444
686865
119466
552889
440205
260531
246387
452978
749018
