6006
912698
226053
583380
931470
619953
802172
385671
343068
655279
480358
597387
645311
764744
159748
398233
717536
494025
716707
158326
990326
33161
779155
584312
645219
1254
391721
733093
348919
765247
848052
686368
775472
925521
343369
280105
219475
641275
750084
987401
734903
495772
307443
90059
612684
750286
707057
508347
974636
391993
644462
377928
483186
659521
371196
127449
755322
970104
157324
240336
838091
736248
456421
851632
785642
729315
724430
166590
310489
328918
154087
828221
830809
421210
584143
415796
57920
926074
850982
798339
93935
755713
247216
776674
332216
783594
369299
496916
11673
332336
658768
275851
354775
818555
713477
448941
101152
226898
848621
726593
956528
943212
910083
429436
545241
752391
979200
445653
74652
899017
152767
850792
214362
949602
510454
628131
994496
170588
311578
844665
177340
736111
806759
249393
624870
799940
618502
111606
110198
601572
213206
146312
563668
533832
948661
389032
921602
766592
136979
499677
615858
600755
54817
857619
636916
2706
466722
860758
895727
106896
654577
625478
978918
520159
519517
664281
198022
138647
761022
520944
532626
961416
692444
965632
715745
52238
623680
497963
904536
928346
184856
316051
868733
21077
103914
253779
96140
430030
573006
495480
502505
880568
412851
773548
353826
59484
116226
612954
786920
730431
517507
900213
218458
302954
995937
670740
394905
14842
654088
908806
122684
889916
140995
92141
31732
899705
124592
530567
181406
16856
362300
634037
654292
961044
80055
843283
892551
791994
959327
177501
799593
676930
246584
500850
335338
154111
525849
759054
480114
215547
341650
302344
856276
193270
887950
200403
186314
86648
556371
848496
982353
478395
826446
986569
165161
367396
595749
942285
598137
336316
847855
991998
247538
841129
660357
430103
423612
765320
267422
411273
280377
632880
752314
845248
446518
340121
820456
490856
78675
462979
787383
864931
900039
488124
786762
985605
247857
660913
565094
269229
272691
2716
81478
168460
582989
341305
152427
617055
289614
408536
205078
879262
73828
211727
875014
905918
801081
999873
749196
567614
134664
401031
614110
528225
20720
190197
782532
417051
818890
238000
351033
382110
907563
341622
521145
140601
6822
172778
14256
8075
828368
425034
88244
310615
786184
300255
531997
497247
691648
453479
865522
897171
118157
200990
993001
732020
613636
532502
396078
367865
275096
964357
125945
948698
79684
431321
58644
251123
897839
714523
964466
754209
800375
714849
16335
905058
510221
782724
924353
320991
744453
313665
482129
106644
201824
827383
528832
158620
217814
700210
168320
970344
690602
565999
432166
662624
818912
868087
615810
1298
378076
353483
486964
393814
493765
706065
717883
676828
998288
160978
313993
133742
900329
666110
41846
67616
516049
984994
827098
835952
380004
612621
473388
364108
718307
523377
122708
432349
690075
697218
854136
262260
921130
314905
387916
791526
221773
987881
254183
922888
270308
222685
4802
964954
705901
836910
403500
620263
320379
352802
363449
233685
863773
228234
834773
333953
627015
127328
210167
892911
738110
265962
556863
559749
921986
292097
195568
865792
202364
606725
71130
367809
315843
101894
380677
714583
524344
417083
126114
308544
916697
790376
35910
186847
1787
646295
395407
546442
266270
107074
919874
663946
59634
421177
334800
498928
142982
569372
849319
110669
170646
765105
575431
4285
22901
479355
222474
104200
435860
418352
687368
842969
503209
973205
73368
969142
502382
799511
810104
648354
856393
355880
787478
438670
82282
910743
567047
606209
456755
203059
101985
888
913475
860597
641273
492273
782944
85478
646344
950828
536826
835950
181147
371021
547040
289756
666535
113396
971701
828737
136260
767224
687010
284346
931979
513242
88954
670385
99235
703296
191313
61673
410188
595427
396021
564063
910513
522161
861391
803884
486593
780516
7240
192968
71166
326467
615729
267502
665608
751083
820855
704339
374082
104734
786639
269515
863793
488445
558959
295105
17350
213936
83706
217636
518699
101423
537052
859571
78015
283835
612654
181956
558887
758919
478124
967004
374706
313551
759919
135761
678649
702347
670308
74999
327505
397640
209352
553512
375820
778924
782394
737777
508863
740667
30354
779437
64800
837769
481398
867747
968638
602812
995339
471568
323265
998930
48473
731000
447692
749727
409046
33082
58954
566742
11121
411181
137711
841414
145972
39274
722674
377560
378944
629245
708139
759421
279561
107310
303083
49962
884205
162710
954289
381085
786099
86457
282532
949604
549242
356308
687986
882479
225053
267970
499948
406691
148734
743552
606151
241473
870390
141124
792261
651095
678429
547608
363532
434568
862536
301484
430755
525898
549508
370009
218446
968857
699904
920636
760759
61943
709751
252578
70679
248939
2175
308682
404291
570710
677535
230350
11644
280484
280790
177893
73464
176164
345100
614501
674676
687512
161221
240264
214661
117885
516674
782184
139931
194958
907446
595359
650690
988216
280553
729730
872095
215220
129246
417133
930870
254164
174245
421579
41098
698758
963174
849819
7673
656515
553968
692789
139786
164380
934995
80653
208827
88795
847216
478293
715444
437668
36912
178628
648318
953895
404142
175793
496767
888895
928450
413332
336639
350075
154833
497311
256204
778866
760835
5391
141810
139754
478027
892344
684570
588458
57564
877567
15325
254337
332699
487168
916437
216604
959528
475785
80247
213710
14694
191772
379219
92292
859000
143699
185571
479525
840325
95941
967886
234345
231577
680948
853605
511975
93084
558435
594364
518916
402618
752303
125616
349992
427028
990834
90925
915881
135819
487735
156834
35022
414918
502235
805516
929121
315755
981387
461079
209938
768184
249612
759524
262855
91337
480252
997277
305325
776368
139497
623725
117077
165417
343758
311749
752546
381291
402444
536906
463648
63337
43784
536167
697973
661773
7812
444767
894682
577129
862837
603595
369348
643843
35970
995476
980756
738455
947890
524001
177640
150484
874421
658048
730742
946860
267184
800606
307094
843213
306520
75492
357554
529258
678823
161123
789668
988409
501359
118061
200701
603855
733538
203459
178677
944818
313047
139510
984606
485702
580391
342507
221436
601150
586490
441715
683378
757375
798570
759159
585091
60154
60007
430507
987220
57634
59649
837351
401247
995936
292587
644636
477908
953636
86961
382548
650674
243905
300175
635493
932674
325223
859943
911962
155309
920853
81711
533058
879673
442075
298305
887462
652835
462729
800668
10534
634312
15937
458702
41912
447807
247621
605026
248198
189565
617787
906554
865877
802505
452884
329222
599468
52518
9866
922510
715843
937572
180601
705739
886484
336429
170516
500861
660024
817358
744691
529083
55585
596079
511600
160893
350128
138761
758238
307086
105101
228527
669192
11478
566115
734135
51222
424783
492592
937086
155560
61429
748293
748103
72364
343974
534892
218073
341578
186207
904479
248515
694288
292657
664743
754514
203566
271534
861108
691439
