465793
333327
768095
901765
661233
625606
256073
144869
596350
727011
699170
502115
193369
128859
942300
100546
1593
817524
816945
882727
455776
540615
562438
581781
6360
820182
25148
806355
535114
121165
267537
88349
420155
144361
994621
139576
895504
690617
901710
324344
156877
159041
545783
110319
674474
736297
659033
783661
449222
859851
779010
315281
417709
373316
590577
172862
958662
742345
26925
592187
844490
858919
21685
159453
554091
107894
600405
182803
334836
301687
114602
657887
141808
292837
644719
28266
855342
850784
206305
925803
187684
355395
841202
712979
808994
308819
483327
962034
822115
134281
709474
282327
360204
194083
325296
574117
483878
428397
595838
66648
144561
613698
9546
238442
435072
68453
287685
859499
225909
304273
500562
459997
636876
805107
832900
759064
954272
905997
22664
471348
432452
662126
458679
796388
443071
927286
394255
171498
786892
768927
931578
429374
853877
749319
44429
625099
612452
605517
313380
610248
819257
754901
271355
222775
515721
912675
821553
678543
963685
841054
984992
575126
282032
495845
136003
286537
721883
103828
794667
801298
398423
120047
713268
854603
602499
76118
965030
733793
89793
572031
975858
383259
509696
998396
84844
740521
397553
783747
946164
221095
967398
385901
359836
150862
749884
893973
591798
626843
955848
990853
917423
144598
812750
846288
981430
692367
243801
345290
849647
197451
3397
406923
421931
890600
893996
866494
99279
805017
638730
858934
968282
672476
644927
977593
543464
198518
792218
853007
506339
685018
855818
457831
69419
59524
916766
684796
738615
437259
628975
449487
942130
42560
257932
36910
706828
550196
823284
241190
404186
412406
324975
87367
383188
429748
772233
622835
503564
991211
20654
923893
150719
965111
956314
172776
116705
899843
508195
306910
871066
863839
232097
340141
510922
256175
93671
495769
353595
893586
993201
655035
971570
676201
251607
739642
595260
81129
355130
732660
44768
301476
253075
12057
324729
389879
297007
743732
167298
957703
792516
130536
953582
68052
64049
420470
724176
839092
593022
174635
246685
739162
211931
439617
724614
254696
939793
971014
789024
79824
938740
106784
629109
693034
592667
816809
907707
727309
83061
759150
516064
861634
755893
818196
982004
838065
342731
251782
266067
275494
2985
354817
989616
937952
669189
577365
6794
559470
438600
433544
763064
887673
814000
855471
812662
281664
821259
398618
855786
782428
356652
165825
646036
17086
40245
348625
932703
585907
403963
430584
323420
659092
561188
209903
521326
620239
963509
656445
98942
372214
312658
893993
197381
22784
899196
187988
400314
682230
385080
630696
28736
999970
321553
877611
558796
184869
579422
966833
871212
921367
961543
184243
929404
390962
179747
590189
751843
39797
258582
637619
627529
45365
464982
764253
830374
334797
907369
127407
639544
748909
916530
283853
894978
56328
977909
402138
696614
996834
170149
131392
860320
859403
406619
652665
453189
436074
326767
410130
182641
753241
48350
296420
247083
266812
13584
396881
83510
123741
867103
693526
436592
637652
627838
790170
594133
654190
812764
675066
472170
645620
197631
108474
643230
730266
717245
708769
329605
616136
30164
115053
746783
618006
316290
104734
57450
431261
63082
196614
880720
109025
524071
576909
67113
401549
398307
830749
39276
618195
202585
293103
260504
414112
11340
925326
190847
526093
990440
538345
489596
270652
755351
876805
951854
825824
419274
899698
39083
60930
250660
259083
542874
987834
848289
970388
813646
248269
745947
931373
746066
742129
63910
188019
50837
415402
561526
973885
510206
582747
310829
551168
917360
588721
784763
998
747626
329313
355948
405493
159430
457701
944302
309985
79594
410073
373321
174859
14606
11809
176771
787415
156604
611016
110221
169492
958077
291117
255530
418788
862513
42067
835835
207727
97202
448955
632709
562583
197097
892359
437537
484971
609096
296692
779671
264805
923774
790894
112377
547413
66434
19698
553758
233890
860702
398620
64844
649585
937876
523385
440693
969516
378293
837384
236737
430194
759448
277063
201116
254295
267775
665872
649172
152116
628851
936479
251853
616459
352892
602591
207684
927667
425128
11933
841651
262835
262053
704992
2207
514369
577398
529940
408804
949268
412478
18015
213531
87801
150204
199474
532758
412391
800910
609825
39403
472439
985982
857604
726932
217324
799590
418781
800060
606744
764604
115671
478250
436589
660628
888613
604286
948761
500955
296253
734428
673596
38485
15143
91689
727409
409081
807621
474926
443798
166173
890684
441533
767504
560623
250059
546049
670645
951599
114218
849785
377093
147959
446430
170681
205065
571139
32288
456103
220800
867203
980846
613782
104762
327348
57878
494574
196212
877252
702232
710927
155276
941273
274336
430673
66102
798888
93245
149915
397735
653908
898661
694332
607365
776440
517537
924570
414586
433007
207051
822418
83472
196002
944096
810147
326934
125815
737876
179836
414862
333946
239559
168664
892800
33658
658815
623524
131281
954743
342738
930858
140486
805404
454716
564928
677621
520818
181556
9332
91401
398290
528921
235524
789641
754601
494761
35558
847116
264846
53362
135956
498641
472242
788191
589493
666755
465314
805405
910475
501126
130698
397481
29296
27203
660886
137295
967888
187392
898143
608403
913257
377540
618535
864632
45723
713555
939732
516191
925814
255428
672224
443307
53215
888364
972096
111716
477495
773446
940549
945431
867951
219144
328316
863219
313845
625642
478301
10018
463677
663038
486629
812221
382942
677924
530358
896857
262717
323741
739473
42703
818732
789033
71411
936067
767438
123486
396530
406999
63412
307265
620116
726377
391234
778334
941072
898253
983365
521695
749283
598237
158624
451790
61203
237653
255895
724768
813673
672441
15841
688185
699061
58471
676188
604114
165073
442981
72417
610793
566616
747566
566014
879071
947449
710885
224235
149741
167383
744043
581125
953129
638100
296364
795892
186519
726618
95452
373104
25124
49671
320391
530065
536301
117941
434255
244982
702243
121761
561221
875770
960219
821338
717116
89210
950155
59554
414376
506431
703356
418645
276985
107218
522211
302851
859532
654621
245581
723340
546839
255224
103004
495897
532017
458018
870316
648109
536928
835604
324941
623756
350519
305149
961687
541369
80993
773940
215256
199297
540905
693719
979367
145588
88883
427109
939817
633376
590223
255808
538775
278454
447898
135104
482028
60630
978890
870030
506830
190056
290451
601857
685924
945541
297947
470074
282994
427664
25355
626321
513229
703321
328852
670483
784474
511498
557227
439254
375231
449445
824676
741685
832170
114991
57339
274314
997005
704181
39333
689201
334722
871036
787570
564185
529937
419681
585047
108184
392958
924802
624993
1110
331773
191588
977137
235193
40701
165011
382532
212066
526978
613590
90630
547525
855393
142705
70488
330925
54412
574042
724581
928306
589595
568603
472161
546618
375776
176914
999794
525938
570262
186066
526561
944077
293299
918891
710747
801330
542514
22274
837060
917972
789517
126830
743264
129114
490317
144859
674143
39095
808074
696536
553263
555395
799291
464854
394949
568701
196851
128726
648053
779255
999507
297254
550829
678230
540299
249785
393651
67883
56980
99268
571538
189181
287635
392319
704490
153981
425057
67693
597094
970537
737510
534229
447777
882572
521930
630082
68472
123760
445078
646282
541338
67205
964120
541750
37704
121831
495819
870512
42016
956592
45762
162673
226668
643492
177800
699236
858629
763184
529118
901777
746743
198604
880162
179051
798018
868183
619292
362708
935145
813877
53757
815009
277738
443607
915173
651064
539886
60642
854362
988413
921371
63978
631382
116308
778755
935660
24620
344131
42621
2791
145229
140275
347689
637232
365926
3599
413811
104873
167080
989293
470512
776625
290575
19024
464892
475965
97738
361338
147004
906638
542941
510674
285326
787739
283280
178738
92939
316755
698796
289845
722294
652043
729981
999445
509532
650216
889365
612453
941605
422843
65123
149990
396097
567610
321124
575318
509567
868551
360498
773341
212903
101039
393668
351006
993926
996463
13668
690110
484901
946127
507095
546922
260636
302280
960176
72299
598318
707228
567300
850374
605368
562947
73705
694608
360958
605345
592686
795213
816482
840628
144255
798394
291365
816067
364180
681660
246713
432038
485015
609729
439086
963201
965516
377698
691867
197920
385736
459309
228534
604767
193350
784955
97781
173356
546660
725832
429848
300533
580703
678042
869375
591216
77209
577561
212834
676708
162265
476437
651598
712520
1251
125296
156235
611972
912643
830438
809689
7168
427764
50916
18673
328117
13365
671989
309185
484832
71447
258204
235779
740298
3681
391334
115929
235942
647348
125433
350964
355352
970797
794249
34447
171935
161236
708537
704263
425067
483124
963188
702602
488113
922778
36672
525797
908734
391862
47860
256621
698623
812271
282693
54993
659901
232476
25775
304576
479022
300297
628052
979612
599416
891870
525234
874477
122663
304769
106296
73848
324687
330676
105270
930458
567702
61019
470091
474264
257951
99294
839041
536969
219954
118821
143406
540633
114902
860743
261982
358690
958588
19454
854699
797204
508264
760597
400857
389603
12002
601527
286699
374819
73866
239220
555665
288284
963382
350785
179210
381749
39774
831033
274424
852357
678882
496820
993632
934706
204210
949141
30509
65350
370281
537824
213621
623825
45353
78362
590372
151078
777753
10533
768677
814149
99010
482942
531674
940792
476786
216820
928323
593369
330287
49334
41215
478206
186306
558081
132503
384982
15657
797923
265409
739106
39562
950063
939432
932504
295096
417776
545806
258964
210753
295933
720303
339892
291367
924209
467080
225524
114522
346616
726017
159813
320965
758935
734319
886384
915536
893169
625773
709236
757484
792608
74694
731912
125223
735321
96320
312633
910617
575884
466308
521623
995125
687543
85216
896961
198399
461345
591352
712992
357057
577600
186407
321410
747089
342045
865784
857573
155756
369698
333544
750709
158274
905529
49856
936251
953670
397749
996111
852436
767463
264108
575571
745343
554627
138214
667394
398481
898584
293360
857759
615180
515076
964526
623604
613772
168608
322179
60010
780749
733785
578969
413164
554716
253053
633051
803735
498508
646683
416159
490649
30166
541330
666095
511947
850750
333038
227464
650456
702745
527566
168644
3520
861623
368907
601087
47540
765324
679197
282187
709263
951891
70411
626961
509637
116181
756093
125974
205287
10528
234261
811852
501827
835326
254665
244177
487232
355722
543698
978936
674673
424121
381609
921424
666153
54851
401817
235842
497452
689453
165506
575805
32464
810371
755289
716747
198838
458995
966802
896866
566273
120119
465771
955836
715745
152225
818920
714370
981834
702321
733825
753684
152342
565902
158147
274326
556447
62700
102357
654233
214885
302441
812141
51949
84545
668087
527941
839523
32903
643591
510547
334189
938891
136355
652401
508337
22700
137052
215947
982424
686599
829472
604599
430630
720062
48541
374776
363689
631188
655118
378506
446084
648936
385029
216516
770164
366138
862298
473300
754150
642024
852166
884591
476288
697708
659666
966760
619574
663466
510028
478376
962869
708587
571576
294325
17046
670826
256447
772354
283198
208423
615230
486440
334947
613622
931129
951945
12598
920648
15279
868791
781794
150285
948221
132898
949268
409926
831697
526663
739292
368502
520321
137340
328248
846300
606976
205285
523367
608263
112029
181747
981863
944555
996396
240164
447730
102053
381032
475010
134800
682883
936689
951547
580503
677329
966622
92179
130167
559763
337820
376055
911623
614856
368983
575191
439340
75635
909562
910258
786208
130268
587995
717183
208479
213455
407110
757767
14218
349064
786911
71087
570900
573896
484082
476092
98903
395383
669919
136503
935583
711422
532500
841627
692811
671561
975495
593909
852096
617873
156393
542641
597090
485802
296846
587858
127214
690328
305407
99486
417191
85489
142719
995993
733049
303606
183824
444
140314
963229
182160
695210
379446
369372
107200
632777
867989
288273
451748
24237
72476
428742
787970
825451
172826
11164
404118
724537
348161
250589
660963
374199
796109
636924
299513
378794
381309
642371
955342
114987
995603
440860
719439
658326
60851
961242
680215
624242
603220
644418
708003
647957
45915
519067
602071
866477
501130
278779
488204
723548
581854
844414
915345
657140
763847
940213
350971
520844
13368
655808
231865
364072
473416
41956
84791
988116
813336
781303
981017
270558
239717
244413
896222
241417
294517
495736
738377
131969
304318
654505
79444
750317
58865
442421
776390
346655
456562
430820
142148
792032
471878
546742
984851
340122
849304
822488
336527
787409
118241
300565
330015
957926
428958
384237
706506
339880
714236
936735
113984
92107
755161
56555
581896
41860
957955
332411
264510
321252
858349
186306
590848
781521
81807
853050
361567
30314
141132
349439
267026
841614
783713
161383
916936
292311
957717
227224
469230
320540
60990
833147
236862
80693
43891
811639
778439
776180
626585
68889
483707
73347
646086
535397
490192
652133
570234
399301
322232
190230
137416
473905
275538
741718
563951
630667
386520
74983
415286
431566
826246
821626
133495
634083
660026
325913
632337
362982
997621
751192
565823
410066
967140
84045
80023
218366
930714
526827
284340
368767
757244
910155
177854
164656
984202
437377
402484
350324
327006
124287
490541
406543
279508
285775
6824
556662
726987
176142
924391
119889
200053
762619
468724
456547
323781
840316
348301
237251
896388
393804
391563
74453
687647
221524
955007
591441
241568
296529
160788
657921
30508
773243
981231
218546
882820
611957
61404
508231
847073
171671
989789
374678
879596
110002
38568
666507
45490
229678
919451
482087
808639
137787
238186
105025
170013
310772
780617
211680
998904
427984
550803
175579
482941
739598
477262
377415
220977
223222
170240
555803
267614
461303
590299
990222
576860
473179
947789
505662
14390
375588
896364
830588
737163
828048
7712
78608
28790
625508
923783
652951
390600
34145
515468
136335
827013
622009
512977
218207
861770
204479
278851
10346
92037
355354
497396
61299
325182
404344
837086
656294
230272
760350
808956
732934
612704
824648
191183
177488
344973
938667
389153
909320
453999
8435
20053
107991
85450
87724
63588
178223
784616
851539
738417
318233
862592
505374
993821
746773
221090
597681
802964
960121
677920
244561
203620
989881
798835
668262
288839
534302
832333
246791
846839
71211
215728
339996
388914
537379
915045
225763
844080
660623
667319
715087
477510
532007
94897
519732
310311
857189
2587
96659
962294
757888
83986
462099
219177
570256
821675
351471
140480
753003
392414
160099
326711
4244
301374
60453
29500
291790
719761
430835
721697
417280
289087
107593
131438
667688
177581
881537
353845
659088
529681
78782
159590
261433
410605
687380
749893
683159
54049
17274
939640
685840
124112
429189
78735
424545
42093
894628
191557
202924
904145
362129
507568
586656
886047
44519
247443
237937
446748
936564
49912
877511
68844
414234
616972
798611
231359
558091
39301
919334
798784
916572
644043
54668
324753
680386
767935
360993
542887
173685
410679
840434
351636
359592
973807
948999
834380
977429
245215
268839
991865
680628
93392
208976
987702
12464
881365
971921
248268
45883
957210
546202
832665
336614
101943
863087
639511
854778
571456
940056
30912
713504
39331
226272
880544
629120
28267
778233
431536
122171
397392
402189
560770
540205
613423
446437
633824
695771
866989
775606
437869
291115
744336
699125
903316
641181
980602
566194
521944
570042
268808
101487
546142
867177
560137
373314
231760
97339
652891
224727
912322
937967
439421
206935
950535
999703
953943
395813
323909
342438
223837
718745
558439
580432
500188
600657
174942
852968
375574
83890
471073
186689
155487
609952
198852
612942
553201
521502
366254
50257
319517
966478
708937
810767
847974
663603
403091
864370
384435
339471
193389
371270
240951
684604
395499
950781
484700
70818
288989
608189
679467
372724
63077
944060
122352
258852
242857
898712
865207
468755
66169
859363
22362
532016
60927
895278
899404
98029
993504
644123
988753
215376
106655
173964
662103
950316
33452
716271
956901
858542
813428
807381
504346
544896
503977
788194
8289
364875
345196
885013
570439
294179
251964
19794
345193
749871
382769
165385
954163
35176
217575
432769
716226
717636
533834
570257
243624
139623
728991
393357
118522
537668
165214
121308
431917
475998
585411
370798
268369
778681
477544
919418
770340
331387
211058
564992
291424
364276
127122
316746
811533
391476
502845
45567
72542
148628
680552
832504
486222
963646
695170
488173
546755
308358
208528
54281
108907
157035
792904
944991
821088
948570
953372
70929
234994
514652
533784
364498
998824
55242
448343
766806
588449
336734
756972
536220
201029
20418
750258
492147
509601
746859
156442
190547
703266
905295
288357
257975
538367
845694
286056
91796
768469
343932
944227
678778
54283
27816
965841
710646
389367
859440
708423
161123
807575
757169
761217
209813
156095
321149
927305
543510
722043
36591
884440
900845
305401
691230
167329
347216
107170
418568
184689
687509
876672
352018
885939
112183
930690
566215
740791
373729
613735
909234
208582
383252
465092
586723
171030
105600
291126
180704
837281
31951
244946
455830
524321
647173
969580
801809
391581
916780
996418
822
686079
775466
310471
142264
180066
387377
487080
361491
279814
508307
422648
58470
689940
322192
225935
395543
656651
559548
614434
664546
642630
599142
349151
501945
924017
48713
956586
20025
435260
292316
45422
204614
410713
267211
809046
552072
284729
179591
566440
423175
736937
84251
800632
879993
406109
483216
894342
637720
445304
726690
657424
423125
188513
260655
675375
939939
939135
853042
686936
745875
152397
281622
90446
648804
679620
985274
825627
887370
364626
465609
985606
894530
850618
701071
312392
347360
662321
630275
925115
26229
875061
113971
375140
525063
92589
455188
243757
288935
599001
339276
579900
317667
53366
701807
520888
882153
578821
218664
787468
976128
663187
210686
307221
840410
590938
675965
328067
840343
519070
588303
957711
809840
281886
141960
709588
876217
424393
223843
540426
873239
95866
492603
492691
229936
619108
716707
234703
799945
791515
93895
795487
466390
105310
149648
174534
515985
96571
767079
310146
766717
152567
99319
51468
458294
778111
681939
93332
311085
59377
619282
829074
325746
848488
924692
342063
457676
912672
573960
828900
810789
549205
705854
817837
803761
871750
838988
623723
577421
762258
133943
90857
589838
548095
874557
338375
310691
681347
150774
81337
366324
892832
44893
945714
455525
306825
988334
717527
893921
898169
981552
287572
271288
423148
272175
950025
893358
257220
3075
478060
735370
170124
494784
82398
333498
316101
308764
185019
493322
66443
558887
799346
548169
256265
142581
561025
828742
200518
618358
702462
234435
727235
532500
281113
506555
959027
115587
780664
948828
348680
26233
587086
500873
374303
859058
194722
599773
32120
938705
239355
843435
635729
649335
573588
196408
29103
961353
859045
202235
901717
26391
478052
133505
123174
299864
174159
210069
812111
466047
307882
479002
235483
193239
427874
274574
275426
558937
113620
918006
250341
723898
862758
412944
142230
676028
143321
887328
338582
139830
224707
855595
563418
520106
948587
472765
514432
645360
668833
277933
895105
337361
62049
834763
640123
770055
81276
159793
312814
618671
945652
177899
584087
356165
718845
254155
488027
941599
489279
692076
107045
202504
169243
727509
989537
568360
154451
751725
668819
636102
694437
982045
824870
531408
865242
743544
750019
580387
184597
328362
175939
994594
741208
163246
124551
132236
697293
406980
89829
640948
944338
637054
478003
4763
224375
780745
255983
441937
990497
549622
492291
793320
170942
602997
336687
683256
343266
591098
688719
996080
670919
693360
546816
196499
671052
962639
509765
649851
823095
574165
652679
125783
520301
790233
666093
361892
128707
125210
391771
230713
416385
171908
39705
568047
973839
285294
519351
230366
762849
651407
165202
542024
755193
736611
560279
587081
507303
318898
599651
980020
771370
527940
975354
450928
330409
837328
502241
366839
646837
30415
988325
694369
758929
316455
817000
174727
830024
243145
163325
294927
938421
733741
917057
907664
752852
730128
699540
446054
587041
849115
460658
806442
869246
260249
144963
577538
384983
543357
226689
1990
266095
379282
120063
929794
943331
985979
350992
546638
392914
638649
314055
288340
383892
630796
329894
703526
352913
16066
822075
798950
411863
376656
446130
410075
827812
413266
431729
990453
734884
517611
269148
196607
957148
215278
845603
446516
164019
647325
415226
294096
220817
32802
606818
981752
248946
984084
518981
924592
828227
582757
774679
159624
99150
713918
894623
755788
360144
750404
621505
936871
472509
315235
654433
936953
233896
459531
615503
557300
411039
996287
470741
352479
878744
376374
840908
583451
24127
303220
247494
659283
446964
956350
188948
111210
101826
199648
348372
503794
35498
322455
986161
401846
281849
966903
169042
794259
577627
340116
988139
811445
492434
193213
501689
838411
788217
750607
675633
970908
193151
642271
544806
919640
886302
569475
572403
131580
469173
732310
590022
465202
891725
431367
956915
894326
962322
983708
850675
133125
885483
108873
183440
432311
886408
375709
202413
985977
280842
516658
934150
578885
720719
778163
946134
263560
656492
465556
422858
161811
472693
972739
618282
154418
59662
222309
251182
528962
570697
103573
804637
50218
931162
719090
846587
856295
855096
213373
505870
662364
230969
404242
991739
535958
993864
120996
203658
682381
331688
228676
961389
372785
308125
436102
521781
475585
416531
1085
7555
871966
906702
712345
908704
994891
410529
531467
45263
773552
15792
963446
650700
950724
290125
657780
38811
908922
194448
286326
298700
529713
680122
241228
199937
906164
966924
457430
8594
343842
863684
606168
129469
670725
600132
480147
908052
47302
660094
934762
566763
933844
771487
109154
340204
511098
133438
194410
383999
668970
128914
167047
797268
734755
486143
573536
187172
919065
919714
751234
186512
598323
196801
114832
408048
879629
249419
425146
526019
752937
101495
280018
597184
204774
620898
912821
704551
216971
499231
752711
80158
587540
236610
300451
939456
480733
707308
774748
77553
189820
479781
507689
994966
173743
442222
997980
107778
696174
644390
70672
909865
329709
330249
107099
335015
839553
805417
65292
835582
642074
88344
898918
119097
659637
259502
42673
663038
207013
728995
374229
460360
544466
311350
164365
696714
330111
993931
900928
466047
403594
900453
104774
322123
779785
939000
594418
189226
799540
122254
644504
770398
801877
354079
765840
673827
646982
161669
32303
911210
383068
104562
557486
44295
966042
683221
168741
190267
619395
29657
371775
423557
600043
160700
970360
745360
884619
319431
524854
949474
90502
168561
970038
521443
968
239597
440338
455812
82618
413413
299193
220176
838479
74801
744564
357260
164280
962042
75272
840469
759156
356797
267363
528530
700560
262144
870648
230385
883032
283698
605787
555561
78610
734409
220378
485001
834406
337220
748414
18970
764123
223767
315258
693935
709780
45149
495981
974619
522015
239785
410826
251225
736438
838209
761114
95632
51079
138818
2258
263195
25948
705516
518344
986839
25011
477231
921757
519870
629116
122784
892304
739393
78900
153331
338682
357432
827494
276546
224607
90734
115784
232613
296488
752184
724632
716152
542571
798275
659977
546349
455195
768213
981987
288002
879630
946727
642697
699642
217023
633053
854518
27101
795915
801012
968982
153328
724451
738741
568202
65416
835927
714006
298350
852540
702135
295284
582683
517561
721707
400538
490271
894579
193771
27697
359672
686045
333946
947591
312234
646819
75843
639918
987795
832505
546166
975954
976505
752121
971111
968069
878103
650271
652352
900878
271672
72234
334664
531386
52907
732543
257091
215799
749723
293314
13506
728750
993401
289890
90850
469832
40772
943106
840483
341029
991279
943311
351365
11776
459001
309347
450526
417779
892761
914953
341650
649341
966072
877453
964572
416438
137701
639809
935779
472368
550862
710743
330045
359036
734132
501632
559046
804881
620900
514653
374535
5879
75891
973138
959490
6616
584685
20755
374236
403901
424281
202068
1362
372132
59235
684548
679608
928076
651244
431128
366811
704231
166139
590017
259953
148381
117437
637409
824791
499397
570489
362989
578156
245080
693400
403897
7663
588014
834516
175429
54029
961449
567860
675199
946330
464861
59302
337154
406908
364004
323543
269214
436831
825715
612348
905168
189713
635057
51914
647228
567939
761186
824391
923060
69994
797922
585892
190036
753017
129358
207335
264491
703794
440242
353035
281564
428990
773518
10385
714631
431925
63317
238244
248435
916631
163980
592568
797482
538705
686815
876657
168535
530415
148823
784393
780484
777145
969004
461767
969548
570903
499204
381033
421593
457016
967339
171263
249976
304692
471730
706466
217413
513460
858243
395643
526520
606800
564210
573461
206270
722533
591135
744296
271134
734052
244710
346333
139159
529914
205976
416266
282506
844800
106089
516232
187134
23527
499148
605224
866541
456188
612826
585933
622197
10822
3123
339184
98498
853313
381804
34449
257971
955196
72259
682752
875974
369579
986217
863444
438000
578956
390156
731519
293900
502102
532179
342318
451143
37995
251371
841060
77114
138674
680334
802872
545971
854920
72157
470196
652423
911884
708888
660333
250850
874166
697233
484532
124764
718477
77195
68696
676625
557110
604094
45256
175859
575707
492475
627442
358619
172294
668898
34617
9987
174665
838436
561698
29169
579760
857988
448290
383564
115155
378033
455394
233388
802435
884137
709248
296940
544351
441203
622574
420985
557350
607740
515160
206664
660856
962044
56767
685302
803144
634306
221649
603824
110593
380563
994227
499775
293224
719869
571137
799539
993074
937560
559874
224750
879013
545725
593807
358425
313698
511832
883009
100382
448636
695700
397919
732591
629669
261132
311039
907865
67923
583379
126993
325848
235502
42366
554977
805382
245770
117028
527515
933124
848417
350144
276625
378528
982295
256978
397903
269805
767538
970956
264702
335767
321283
283760
114588
946444
912481
259889
361920
583457
43149
64800
45455
830386
67011
323381
313458
852661
254773
830289
812521
881065
771694
497855
89962
309840
86022
988109
593439
344406
91322
911029
731526
504545
975302
351417
890463
714282
295180
35319
573148
446867
693200
544754
796972
624889
956788
832929
719337
230301
324181
311484
245620
49138
86944
880836
113616
787511
284509
139268
359858
271589
911980
284838
197573
197094
138871
386951
680343
860136
494484
546641
288732
935000
778907
279222
179455
121017
766688
947625
297663
795841
885461
798395
204158
2928
559865
93500
170410
280873
3335
727008
801777
811384
180323
104656
145256
522186
721399
211257
514093
674286
74354
306217
18778
943873
319571
906242
514863
183056
293102
612640
715851
380298
281803
723721
934733
67877
969710
537096
258527
38800
599439
640104
452928
419016
746770
457795
756619
496894
692049
722721
8751
840733
381421
286014
362757
938291
427683
74163
11398
841745
950965
993428
267112
85794
427310
857671
460013
385516
823305
661881
710440
776722
264575
907869
300364
20696
649089
525404
252864
978148
898087
443828
676129
512729
381125
693976
242436
824590
449049
507575
43915
457102
626795
858296
494487
200034
708882
56370
420930
6091
695008
810824
375971
873486
622017
733212
473982
142836
394027
892586
429819
189649
560704
272376
495299
31065
962342
148211
838819
834288
652430
311742
551221
335296
591251
57181
687849
377246
506778
117824
145989
473225
97091
336704
404149
515012
658158
278110
280897
3573
281777
890143
282929
122375
435940
443364
946902
961288
963212
863882
970756
210962
228898
270090
528183
574894
888208
706004
391340
444354
920451
187142
696899
908813
238370
543278
216538
583538
110404
881209
585004
444896
727529
552755
198702
624213
794020
445040
167543
745164
466827
153328
78748
638538
701774
516333
312095
131188
207664
541783
14818
493412
528464
329958
723348
76249
720714
502744
724249
868547
301842
252415
157081
687878
622606
235674
789128
686958
216488
122754
952546
361349
185027
975457
145528
35866
412772
508042
181272
393400
815926
322723
308911
910658
256418
222503
129957
960660
707782
140917
847313
648631
332075
242522
748558
689392
952740
530799
300922
212732
398300
434811
239640
203040
873091
696609
548440
127832
602142
909615
383374
268147
582426
318617
655472
532551
394198
728649
609981
914857
457141
240361
608683
621357
329391
627341
913038
99375
693624
746089
178395
32614
163241
209930
33953
364777
983871
339005
545292
673971
936436
389313
136234
77391
516255
616066
367684
364406
959792
162217
545622
15330
799628
652372
916891
916709
283738
190392
558014
551431
216687
807249
663903
300343
506902
898121
147854
977008
970664
903138
108065
605123
48098
189350
492123
268369
857899
821197
579363
665939
538816
611419
136789
944816
7668
110650
753566
476747
79649
485715
552222
359692
713781
885549
211677
84966
663829
980970
842444
61428
586960
955713
230482
74234
950253
667979
861960
222310
243544
198338
918821
488590
757382
276450
583231
217164
211271
395079
969417
759418
482247
625092
586899
832309
18192
930306
995744
996622
241633
914443
415172
830476
986713
247534
108980
918853
671908
956343
368207
649207
271584
193634
964616
419475
564242
789753
49342
463792
161237
180905
619735
539289
809975
955803
152293
249785
555922
604519
387508
532603
589952
688428
997142
681065
69593
547953
800503
417593
190265
138782
131138
175210
498271
404218
692424
706024
536904
275040
60186
268902
212409
24765
501052
983101
144992
61857
362560
157083
878369
977396
680756
4599
199530
226779
307781
170400
385730
354436
959176
530162
160206
438268
516228
631645
466560
431591
669604
776509
743968
644969
513974
761050
754514
273457
696901
57802
948887
372016
321796
239245
915977
231090
26234
632786
424473
190304
546518
847761
296783
410675
970038
154318
536393
561286
47769
787176
272822
786662
611029
974981
76999
619209
323797
575472
90626
518363
658273
972417
843665
33107
261305
328927
895182
876436
930232
786639
186986
257553
268931
494131
955852
174611
383707
291126
877478
358622
811564
902166
63386
287011
993214
955787
596665
308423
461251
104040
272361
802892
837412
9673
454007
646784
148965
757836
855891
257254
487699
974090
360025
366882
91557
798620
614887
558606
692502
645114
548205
780530
339372
74379
641215
850574
186776
576435
103819
581487
944181
341601
377435
364283
924644
226877
28105
916652
758725
546044
113636
640940
977285
537086
844394
736209
982627
902630
510983
148506
935505
562838
739061
86996
755115
295927
356680
145986
665981
265550
561830
552987
361953
690416
645996
99015
515148
675111
593737
626121
35389
62752
405406
762412
441810
419221
157875
141028
240104
402185
801170
739368
174291
901298
637759
699480
946615
315595
251056
879780
959677
940203
525410
217644
540689
4088
804269
621579
51556
565329
848388
30251
262941
714304
837944
631728
993537
491438
872942
996786
751853
595532
776768
49394
18252
358546
205513
82156
533112
578243
778495
592757
163090
813096
435167
942508
126764
251905
10682
106703
899862
274703
510855
687088
553979
934905
353873
988852
134924
267700
424079
387843
717367
92399
793121
140541
195991
74244
343607
95467
945444
304570
350802
523991
80626
97670
729774
278912
903995
126660
436459
229194
822265
705583
983898
804028
771148
806249
363552
485318
964254
585139
461947
107547
911021
461839
782933
154887
900048
895460
470191
48516
242747
143767
989997
697274
195124
332410
53084
799203
744658
480837
352701
550344
303810
876895
286293
114079
62374
800755
64629
545453
986807
759103
545600
335962
313712
710176
475789
547952
805923
290925
581476
106973
810521
224553
491576
77703
642189
499903
17102
597509
428376
816355
957761
45428
195143
419998
880451
188982
109036
941390
507148
918622
765470
937890
344891
173255
465810
493595
555795
393256
856294
311922
362246
728315
835603
588638
25990
229614
60614
586420
68902
242450
571273
475383
201132
312625
404260
384149
269522
436263
245750
228280
913720
91778
644071
217024
23974
372144
203229
175000
22305
275711
995153
251721
89274
8680
377465
883969
888736
749448
87904
255990
917345
608000
559542
599816
806314
197900
741467
741012
299962
750866
897223
651521
128109
389353
479070
662971
555077
111947
171175
193137
609660
713477
776054
683707
488433
599875
192800
794646
191857
255710
788013
670375
495567
489924
317310
944258
506384
445381
424046
968450
771616
554806
75946
573010
39996
438378
376431
23799
906972
545993
467283
320403
709370
400280
999720
487454
752889
887956
428821
659552
87271
962642
994059
93696
630151
319265
685135
287222
530691
669259
687316
552614
563843
80073
346166
927375
795555
309558
396949
82766
486680
991173
225177
747025
575548
60779
757160
25161
848975
248722
588916
487737
815604
544751
656459
873553
370693
586
851324
718762
799671
404202
427362
57407
661338
712360
46654
484519
12081
659591
949249
237769
106532
252928
790761
757707
713018
275505
494717
526490
260382
378419
808487
200005
376844
452923
523715
695934
439103
160956
410448
928959
772570
224957
503170
98298
535675
448165
62883
311684
610032
819417
951649
392599
940202
501200
182624
721651
782000
597795
234461
309877
254665
234384
444123
997125
552019
352307
74415
513268
879874
912274
908883
503642
77795
12120
444177
269589
232992
395374
513559
428206
897549
787479
322926
335625
817855
822961
124241
641073
472817
63043
964377
568384
561542
288752
844888
318054
343208
227988
31001
949206
400272
234784
754180
557084
526004
536570
324170
134345
607582
524171
204058
454042
560679
815613
836102
699884
406315
785515
149696
61694
11120
593803
737589
693411
667136
519506
751928
191450
884150
297589
188264
551995
836068
914398
671784
782462
621221
204948
604288
26325
789439
358072
275761
886210
823233
679253
2300
33301
124204
223204
958521
977449
165584
777567
264622
198759
741856
352595
44102
82380
618241
586835
135167
456819
609742
225894
415086
861834
444404
839048
230227
877552
272527
924520
984256
291210
607358
588816
53299
772365
738855
340084
823206
610326
235863
683411
54034
999590
63892
39632
435319
673553
806469
881351
899839
673872
16678
3170
414306
343640
171509
636825
255611
77738
175933
153001
784267
115053
241769
903811
714809
336842
687736
435886
693692
308101
442849
478959
945806
749737
804137
640084
315644
201199
144203
152925
935796
131992
91301
521289
54612
599729
799627
552829
595865
933304
677767
6286
806767
423033
76428
592062
53736
502281
861029
914113
439440
283597
641208
188769
706327
360234
498882
361464
676414
608648
868343
99778
606391
627878
501703
626409
37911
891187
245740
835416
900470
166425
646152
713863
454667
880196
934050
931562
450978
767197
737723
852280
7756
80709
99904
471750
747616
287247
643632
805256
577230
354435
117984
354748
758697
173886
522360
132866
106601
751529
36451
4086
368798
1520
555473
973506
16760
529205
114915
543958
832877
515145
663672
788115
846459
437144
749195
98712
659038
995448
145374
960830
156525
998383
5781
299894
637719
793478
333730
663302
819226
208593
960690
342463
628181
567773
562625
998819
555517
213783
209055
196500
175594
235476
150072
917619
881648
233375
357244
955577
299323
660904
224942
380556
62694
915047
529072
558598
148003
30750
905286
978092
823863
790520
756555
943668
78196
208989
442705
267778
96807
843994
946798
475568
553835
971404
598101
221736
232670
387996
27077
160302
614609
942528
416837
728458
432544
15580
930132
525790
413002
572271
779399
62927
342814
7248
938239
731293
230979
388284
705578
34670
729336
416753
474809
100078
28499
989273
573310
968541
664760
561214
88210
900783
907801
77149
347269
261559
201028
600652
478812
957035
623075
520689
225792
615306
441728
511852
204237
797682
694019
459363
492866
328335
500409
988551
287108
967408
325040
561870
146144
36667
989506
741866
581478
413833
298768
181068
86478
990890
617030
603614
817195
243580
704607
595694
271305
241108
547966
563697
206090
980460
245573
864704
97846
702881
865336
525077
673367
226667
270797
443598
482499
113598
133607
441349
490555
165909
614121
5924
154674
315675
257226
283109
489912
615755
696989
125629
316804
341714
390176
907802
808738
136237
942452
437817
334470
808093
840055
841735
173786
728665
719082
500972
530905
281357
455007
312266
11235
67313
600390
312305
22944
51956
351612
738711
732791
825734
898616
969032
277770
66235
913587
516957
38211
768158
902314
626701
648511
223972
52120
650229
64810
910752
890440
407335
642237
428404
502779
326258
207123
218719
647834
452869
282573
108754
112540
961063
599091
469839
88715
72571
434950
708069
146480
877128
873285
97027
323698
75481
158042
86043
306587
21619
389483
431333
188846
390459
157021
687036
391046
831272
500368
550710
997753
954011
927410
842750
776057
472980
218861
618363
473732
808745
96278
302201
576886
307914
211590
982714
651432
855521
105841
437915
20493
955787
705051
536106
437141
423094
476949
919370
596336
337519
161299
525351
348861
390669
372642
61106
52993
1860
331429
883304
473961
1834
942577
182992
677
247210
384023
142544
345172
723872
709939
222678
7334
80187
469921
961900
895980
965694
704504
268720
881103
3328
686296
981306
830091
19986
189285
399899
844530
947006
181527
533865
118940
402015
410990
888504
801551
422697
655720
4347
630632
333983
844731
116937
877139
31067
361628
441881
760746
6966
245452
88359
484811
466125
378618
104393
812794
794584
839538
595204
711500
258177
226307
388514
770691
419716
323509
664143
758067
948026
418916
66380
351368
482688
756642
83234
577303
42954
221762
96617
364157
525327
665472
445766
972802
468515
408315
53481
898357
441442
677975
434827
129569
616939
627558
98341
168365
532329
724308
402594
73994
79724
539709
357912
338376
199455
161853
703275
722023
497201
380535
516570
81036
333116
854002
50226
864191
472072
285122
550832
176184
423045
393943
356122
366456
562334
723551
1040
849670
298224
468172
828462
601024
427688
94073
423222
927308
191473
798899
460477
770105
209041
602949
177495
700304
845161
345854
479433
122858
895135
361186
631084
801387
861145
924838
901298
194085
352262
601112
670807
268097
895940
879959
580733
578777
203869
569095
85409
754265
897058
311181
688900
835355
595116
739939
404425
936868
728625
603946
384763
685834
740809
265184
705917
924506
697704
940229
135802
243644
800553
104908
658472
920665
931917
461612
482104
666588
271643
921564
922426
342264
462272
79476
360176
841111
885216
824324
425183
388949
14484
286121
480791
582530
687833
752114
128511
132613
262751
253241
507913
145976
262522
114187
249817
108363
65456
864434
482001
615405
405657
431427
963565
89821
383150
531966
61108
177363
591519
508822
97424
16074
857475
26932
143256
830747
987889
89141
978992
948419
307074
560577
317058
599800
300315
59910
271696
23999
440554
658643
411645
882552
177912
806069
213648
169439
701214
249111
781701
694950
772889
71316
691665
96629
89008
560889
643060
406170
244011
781014
575399
592886
454695
251951
828069
934527
756714
551644
126659
249921
105635
153152
701263
325934
3402
765456
833129
656596
949337
124034
78668
847087
811649
967683
484899
391209
564436
783505
858496
660035
348099
582237
693224
794975
512848
501124
269931
276217
574858
20257
821739
332547
605943
593262
166726
653955
741252
455426
596454
334710
231819
943026
196007
531771
521683
830612
872604
698981
587746
733051
453217
56834
618670
883502
532519
999900
870771
596323
792836
458986
575088
995888
924731
277794
40136
64855
872836
615244
593728
626035
861091
378396
272238
978500
162774
960014
519226
690805
555575
961262
548747
881999
999313
97512
5930
476770
379746
346318
959748
844632
335569
387013
903456
923426
380865
403995
811257
234075
938773
185648
232597
885754
34461
52141
563070
202289
212527
146231
320413
90400
554905
712410
814730
270933
876392
722717
694640
71155
779658
661215
832291
788103
735695
917362
242629
253845
949060
575153
495411
952620
654570
806466
566396
637139
459139
592715
636221
941109
765644
715575
864508
752379
185687
253357
796734
373377
460707
137048
206844
902556
215100
381621
317182
357766
347287
471923
822268
828007
834648
793574
999485
579279
92780
752942
971680
857898
153225
454291
683486
401924
328920
501188
587129
535598
959543
309044
579784
888585
453948
736449
68868
623631
814773
869217
638523
414695
608784
489439
535858
325858
460914
673092
700159
145156
391294
417852
170157
575265
295776
184084
502063
520788
742347
465479
947709
749497
265862
986434
579169
847478
515685
496983
305442
985164
39168
415980
639028
979267
9672
616099
359976
645495
58483
122136
377378
837723
840911
633196
808530
203520
511062
115576
476124
107216
715911
293342
603513
825893
388671
563917
422457
841930
849847
781125
837698
292813
381201
109813
914332
658906
306640
393691
903558
901570
844525
349914
328793
13913
975917
683875
925435
262530
311779
385702
189807
548962
302271
991926
625828
20486
537839
689343
407138
433133
214956
133060
385532
634747
977391
94565
486555
844264
503433
195708
767504
184910
823856
135400
403361
58577
719
277474
543171
80566
955345
209708
991351
400855
479045
974669
874259
748661
660609
230133
798641
505127
297076
282032
929843
978939
772302
453118
90545
402656
681375
84590
506845
716648
254639
608815
378394
510907
472045
385346
174708
228764
127
545550
482390
1110
260265
691462
361644
289483
182336
905381
24304
174138
512471
108298
501269
6781
649819
280689
785814
817802
959171
226223
490386
283190
682700
605808
253307
875533
34565
753526
726570
693062
325741
584629
453511
509369
912517
416587
723903
663087
577613
216519
502284
854609
15280
61364
601932
296517
610325
814226
146003
545386
362699
902273
422902
398491
425740
315386
83654
823980
198324
222878
117159
875135
309244
319161
592496
972302
50382
630100
943220
471511
804914
548949
324490
978101
345219
755414
201394
619728
814025
691176
570101
146918
385804
970353
203621
914527
494399
372612
984086
881113
320198
425909
873941
842520
612338
163109
955172
451349
720576
486975
86237
891266
305018
194663
504441
872645
101752
754314
703561
366941
944629
290836
432196
402726
535731
566687
409327
774395
424535
43170
228938
587816
241420
346867
447442
454945
411236
162241
498373
791420
214301
232662
926187
468140
83845
258396
23541
522967
428178
351301
378883
586541
333382
609508
523751
100936
659196
734158
308062
924676
75309
620166
891084
722624
969437
508318
795732
44423
604331
82909
638748
931799
866638
571651
474957
845505
959556
876414
433487
283610
909523
825813
957430
914396
889450
961369
732557
694450
752373
35310
680507
339630
402938
183916
37895
110863
889985
587543
785939
888501
889372
870186
986908
300849
905966
790070
914612
729824
667496
827838
353535
38419
60971
947842
23738
969394
168105
856840
143993
369762
226881
552538
180686
370154
488522
778659
717786
757922
1018
549237
40482
45126
365805
917842
815765
7814
791061
135992
833184
326666
860053
859055
360873
256548
481515
969092
934220
626584
415109
20187
736601
459735
554764
451741
465431
246083
943013
738064
688636
433895
939456
89418
452004
932145
762805
904693
439318
916188
638478
68264
925034
468538
534975
731230
160098
481926
92837
230238
582886
661185
151359
600139
764160
271563
938010
581879
594320
747125
970323
576447
227282
793461
277899
400101
557716
818783
958923
613984
215882
444144
159642
601414
376821
903651
767994
23991
882831
412319
320962
75000
320097
808513
572890
939462
807498
711666
573412
827017
822527
478910
777955
956698
990000
411094
277163
830416
760514
610782
769319
217479
961643
295533
3414
229763
686168
829275
921169
732551
155434
650041
827844
388806
571037
96504
662847
75451
679462
963323
565411
928299
533674
46938
636559
358614
231568
492310
719797
570304
950042
858055
357209
170427
394146
172836
598874
295923
185054
62437
866741
215681
567944
511910
288623
264133
573725
994037
706197
764495
753190
962746
425344
831255
107993
414256
82208
535236
369369
815226
23698
360553
385936
193287
873708
903070
586827
495295
453057
932408
66162
278040
141762
176155
813168
146638
198406
524135
589546
384746
315940
880450
273481
276095
548011
129292
461022
934568
570568
126791
207220
145108
560195
242452
800109
501913
940744
412912
510841
647930
305763
851624
843221
800968
129671
886956
621439
40425
315811
658333
349518
902642
720491
928520
609383
51582
284248
909319
529515
65738
250282
764615
687030
622583
392492
678580
173323
72292
152583
657589
104269
981117
156960
61223
590794
632896
594740
848093
237602
905116
451825
879476
27045
330702
848308
929089
534636
21294
645109
161552
417321
183986
893810
253492
385360
495732
923381
338149
926903
999723
873518
891301
637882
235315
541559
780325
143834
803230
62407
889988
249774
758011
836289
409734
659054
304344
154720
848863
358964
572632
619390
617858
469806
370836
449629
166343
962529
140445
297112
950261
840176
159706
131350
324347
367286
864326
225592
155593
917618
490967
374214
33133
570620
848131
471125
558183
393739
538091
762722
230446
164770
482875
370069
16934
70002
315802
138922
219321
356620
309465
540296
905873
187731
132630
44321
722953
444407
980090
57826
797677
861964
466472
801849
834773
622180
157683
854801
219652
831345
556003
228205
204026
733332
310424
782064
960290
932574
965890
274734
524896
340948
935054
745599
954321
525617
721563
336290
125928
658567
357838
610780
626519
822751
119607
750258
101279
525603
471656
861040
851930
602851
521752
393961
769888
771517
35661
313628
672813
881997
521064
475992
501789
676174
633180
308705
89030
975851
94244
632298
364410
511251
555578
821836
634921
873196
764498
153016
168569
748973
901637
697799
7403
355126
570365
920749
862844
146424
316727
377609
250097
374760
691645
63770
476913
917950
547347
931448
209118
30821
168012
881602
778108
435021
253673
776072
674882
210420
23061
246640
921787
676754
902445
767897
505474
440
97556
130179
311815
856912
252358
564404
604765
522795
655314
935596
414929
640053
370156
316732
290892
706408
763543
917667
330505
250646
191743
746923
548422
287996
386524
271442
86572
753017
566409
382286
7170
212942
346483
813709
971859
617073
452764
962306
705987
488232
271478
450495
191497
643818
640950
190604
921255
36800
655694
708563
857115
452199
138759
841268
890566
175292
604867
363985
399602
665656
231979
333400
787889
105332
291311
514838
745859
720332
455956
931970
812995
350617
531004
626044
871614
579018
667497
568945
385851
730709
986094
864357
526823
843087
345826
258791
206547
917015
674950
434378
876956
768064
205889
245816
644436
144787
888205
443742
582740
12810
156540
764493
17859
40142
780062
260135
402816
81993
699125
330391
261788
212679
781632
991637
335439
978366
662931
618722
722069
510841
129800
722561
348274
245187
669406
979926
887158
770719
37250
115997
966363
220641
945031
620499
771040
568212
954499
761162
135214
31807
513823
548620
77631
362530
343985
620748
270231
559643
355049
928909
529066
756915
444736
682309
58918
760032
945967
613012
646449
463133
221612
955324
864277
968031
195896
916794
486923
82448
497110
434914
744996
406359
61194
682095
249217
867406
358625
612761
204735
73599
121966
429097
7265
812559
577232
870407
718584
87587
255330
709868
104953
866552
916472
206556
806162
176699
749673
374831
842147
111154
449084
164263
886163
838459
205749
125028
433119
463730
784835
906646
902445
115583
848653
134840
68943
635326
472007
415971
468273
543643
985739
893626
177485
556872
923404
260590
322981
796266
594745
121894
336224
311686
768652
768191
537599
307049
576425
580882
838547
260636
549753
584695
961099
633591
238773
82362
572567
233987
78365
163918
275144
698696
921392
555604
734949
526541
447082
115754
804863
139220
264736
901899
30983
913913
785679
109749
521828
896692
529805
197699
881169
501639
892076
503599
161917
483979
312908
349061
766874
747724
807626
675350
369944
525617
889774
297878
387481
78150
136529
122765
149798
388302
122523
782954
751831
692134
250357
952216
541415
761894
586943
126689
414001
189737
733902
543653
484839
203546
623694
793080
437829
249887
265003
823172
991408
384912
285218
351073
327254
714102
427280
637467
421149
21060
944878
574250
488195
354710
132271
905995
496591
703555
207232
722562
624524
879035
31840
93357
356128
674698
802668
825629
645855
164711
702726
437877
710242
344182
290224
398119
277134
70786
749230
974539
152334
40639
541984
497320
122660
521140
147218
352667
508787
558279
397702
446409
60470
465250
450101
652706
887456
906440
547992
652210
604826
744371
928657
25513
798365
903322
943849
968727
851610
985751
681103
362539
889062
167558
847897
924537
516038
858325
957607
91894
693270
177311
818180
33590
262661
752814
554195
6599
772197
832709
339050
817830
794497
747296
647155
280819
939172
531870
877832
244362
455657
949200
347684
681026
684462
244971
751524
384861
308504
323023
874793
145053
74937
832189
926559
180207
720704
489399
574224
909814
151446
394814
61286
533404
557972
7126
763203
561083
608273
938855
703833
621952
175575
79004
731100
643015
268277
549208
488977
986405
122579
539179
36767
181014
13895
534070
191099
229089
986376
684412
873773
694075
184908
381875
934777
486473
165111
367662
54021
271226
81794
439582
636373
535853
14989
232435
709011
127455
904285
406183
603497
161321
910473
707483
261906
253737
180814
12002
77634
297395
412685
745233
810462
686774
39022
366932
160828
870512
515650
726509
119534
650271
23012
680528
117585
427217
199171
105127
933589
298618
861159
661579
411688
405792
567924
910605
131191
686033
140292
699414
387591
999685
460481
550414
989038
412009
2703
130025
631849
789369
915382
391091
793783
874520
512163
568629
925932
972527
82015
399884
24297
607505
707547
965716
720188
66179
46166
505640
506498
620804
172709
587627
21396
855222
244325
513426
291277
800310
949080
767284
358653
447471
470851
981211
637429
113846
420183
675061
239293
646805
792324
326252
315144
73335
898118
259622
956194
745622
204512
160085
550718
638525
140341
722604
815270
513935
32490
275553
756798
652029
77839
804300
18016
708539
658931
372914
985693
263114
441070
63970
990906
126755
58102
4797
650325
466962
776032
88610
287376
213477
295962
691699
127206
573600
358989
948752
809237
224783
772106
326998
104895
656453
853488
255679
242653
196964
8459
674899
547071
820081
695629
6402
302234
171889
414187
399842
843766
761513
217556
548900
562216
671993
123663
557809
135178
580264
635702
828170
368944
107159
421275
624277
685511
185574
57848
862122
240479
54185
413236
267552
360483
867682
584170
316330
510620
471047
660733
527705
236082
851219
628933
727034
283176
131941
729597
531439
989542
671047
480887
193286
962972
63978
729542
500653
171661
795378
957002
295032
734741
523374
645566
571927
20514
654613
811168
378287
54475
974152
486691
95119
559813
980351
79814
222664
836127
74988
406659
463655
88318
798037
895325
244419
864746
723197
618690
323486
173849
525063
771134
942518
370160
242288
148813
839235
899687
31391
192037
821999
396456
144763
919775
574372
643791
357630
681032
305208
48869
63927
395635
676268
295194
986479
214196
665146
137211
846980
194714
748980
563487
249237
588592
580241
989274
656782
777499
438743
583721
916946
600581
785970
461513
494690
326270
329570
305665
476601
171813
17452
816917
330917
176076
977677
241192
922902
5199
231990
214154
823305
444409
270817
206252
674784
123972
386306
190455
461955
897031
525502
925374
492799
65399
216401
903221
31888
283555
726074
268467
162233
866678
882161
33962
45044
125057
55343
276534
33442
619548
902936
896494
371947
610937
398573
558211
783596
213802
410906
305117
927998
532676
99199
539639
237126
780293
698767
790396
694827
681967
629526
963999
117080
894177
238254
516143
743038
167987
200668
252961
624971
796260
860287
344927
840625
915856
692458
380722
498111
535256
80
466461
31996
164911
870264
631489
604626
517848
962218
936808
394597
854393
890098
233486
958831
635847
637480
749651
977159
504342
112016
246395
173986
586944
933455
706399
82159
666256
713306
205873
244154
667479
974000
300011
796940
287295
179434
521599
677330
508858
219297
892611
370146
906391
511912
83598
897341
960844
400386
693230
157287
883392
391694
118467
619309
38014
869846
579182
716310
865090
987413
507258
149954
739854
539562
8510
33084
522177
36579
250418
810437
489504
795646
144962
303610
511405
239676
142378
656970
102304
358185
948443
620128
734887
284473
703518
411352
938367
212854
306926
123415
728735
975514
893059
712833
604859
855907
544365
972031
625858
227441
315628
872249
257225
456024
83190
645152
906666
906291
312105
79433
831421
297180
30381
794023
867606
18147
621099
716338
460100
646831
805687
930329
138375
766879
156108
58251
7583
313738
377012
118738
28957
588016
77990
101279
83409
365591
488991
132481
167615
902643
182072
759989
261199
180577
507724
730528
414153
634240
831738
161165
117781
957169
888217
701398
319631
832763
231212
304818
882329
759828
274205
203275
824677
521765
512045
794676
2263
963978
608313
57787
190376
918842
708385
61488
472273
927476
817061
757192
458425
81136
574191
738795
889433
51664
912087
143001
867036
748249
874841
29670
276710
641983
425373
371917
223724
181333
372523
9976
697431
901337
935417
752911
641119
467951
129327
302643
88027
864043
667948
263316
832754
734627
829558
85601
288017
645538
33224
439431
881895
346758
362583
691969
153270
732145
552330
332529
199393
144476
82911
43667
428554
275664
699508
350285
197957
173545
918618
46887
901681
777533
540435
721102
356775
404527
397831
360600
199927
108892
600968
905605
718900
488958
918984
746213
115503
147793
470322
455244
542655
641324
654419
592980
289517
305462
466094
365303
258190
967502
508983
209967
908010
186651
810457
94299
939249
464530
445015
579866
247979
549594
222860
353195
621194
432338
639851
206400
410035
978695
108644
337931
914149
502088
886976
396235
628640
457737
707416
457710
913651
124950
863337
497866
240836
678716
36836
261059
539175
730480
897543
890546
7560
533251
368086
946344
397449
788172
131423
468686
745684
347377
767894
138129
215924
939829
435562
814184
592899
25972
180954
13998
426241
266567
793625
999072
21920
255962
681534
617889
321793
223443
521829
540845
506545
281612
748498
973683
946050
424493
799876
41884
875538
165467
16170
538153
63212
323297
526447
445865
292176
357786
831780
212377
357772
256355
507986
862740
939774
559912
656858
803771
677017
895574
445307
130707
598543
560074
658866
369348
550206
387935
121055
34657
897042
75952
111718
641266
901070
842403
482316
537663
304039
121695
968203
75351
321326
707703
118727
205181
810412
67725
382969
351252
419459
310090
287506
149465
639788
477181
409829
647905
890921
957196
401759
747233
361813
409458
430569
406359
251718
202877
931163
834467
351702
468627
256479
437508
865099
45334
249999
730148
470178
288960
991805
334529
696010
736641
327086
717611
110990
962144
374642
272686
669808
726068
547951
395325
276322
399866
195522
130844
999094
310908
765730
719977
625949
52348
106235
832578
153738
635127
578555
15971
126946
21513
595465
296114
873358
578544
321870
369837
998261
43169
882165
251631
941854
458963
178758
970560
538021
587737
425588
447604
724174
205812
217946
304945
222119
243825
168887
886789
760846
442832
829494
36191
785286
964373
555220
862818
358991
334308
949722
89170
5607
684787
420933
416998
755114
840663
648587
232278
884516
535588
813616
662635
490791
883457
137552
935520
98356
777004
83335
427800
599601
669698
857804
307546
727328
585604
814007
49002
210403
489358
598525
637963
712127
10999
317970
979025
953021
957131
301331
576671
513121
806771
973116
675242
170723
927065
874579
265255
903521
652072
671724
503900
10011
587290
627106
448278
688996
767517
916883
935275
429701
905675
945489
689229
540717
156520
33184
664874
45569
271558
936584
831536
906588
136766
93472
2947
365532
271316
816177
321032
19340
732095
232864
132052
244560
752093
474537
511402
962156
964329
424166
432641
252366
153015
219389
592504
735671
626280
932325
591325
171312
960196
857605
418608
750029
922177
819168
996979
468845
337665
699351
6958
821880
967622
424663
962704
687519
235539
369443
321937
933742
38487
99940
376891
388876
528789
930506
438369
732881
638820
212796
510338
294313
645143
32282
310473
362095
399234
490186
166950
992342
20552
901034
580385
523747
806444
445214
319544
42956
809365
744199
37466
141876
585719
47649
802101
936946
372293
656141
170323
350801
249175
133705
299889
14035
31729
330744
281393
872866
44014
900300
148897
626620
122724
407315
985345
716247
468398
584084
661514
790932
192354
678117
209217
777169
808396
707986
344416
869841
978954
10347
792476
123580
382771
658702
328680
299158
144473
639305
56330
495955
445407
402992
332306
398130
930250
561749
51016
449646
688450
793795
191796
415904
331696
100288
119461
785490
159419
644981
366936
561523
126476
297698
236136
412860
95480
50405
516173
979312
178154
873240
671709
100705
51715
533013
41574
522185
480703
337583
873095
933022
393261
190291
826217
103692
672658
252728
397431
231311
603831
940115
507395
359668
526603
87809
7893
732889
683392
879894
612583
740353
999445
534046
724072
357916
81463
758447
773632
214898
521646
66775
588210
176499
694747
363837
686743
641579
22677
440947
274737
206328
199844
342069
55665
531195
745768
721479
527216
929849
274568
577455
44953
491614
851581
372785
109042
798151
203390
881483
131356
479349
419168
658444
901640
662161
456060
388255
184155
702543
554844
589615
162462
37474
544767
414830
386802
950068
863673
985780
323781
793371
775291
409821
171121
725138
776224
168699
20533
947291
819844
571929
534470
117592
64663
590107
412822
270513
700591
229193
532173
113255
581051
434926
61529
103535
427634
338703
497283
715947
926235
251772
645237
441151
817394
485586
998959
319707
80333
40615
537808
910063
72849
90920
402732
928288
309118
433292
448770
198634
369566
525729
772891
725336
420783
234909
419592
671136
926128
716820
514268
320159
283003
234052
578113
681782
956533
944179
981933
512349
132981
156469
470024
351090
314842
771073
568934
149779
833420
46412
721231
856656
689284
198920
376231
16529
773307
364918
974789
454882
813204
264
341391
229959
413225
734932
197991
297990
720833
64442
805256
777965
667288
768464
399309
163440
280009
131709
659660
570971
63447
951972
718712
948569
56792
215074
65425
275445
3693
336282
76079
612585
994528
628234
413479
720499
587715
714712
672083
739780
237816
888259
876237
335669
688640
707497
126528
529832
359477
624734
658262
492558
867861
618516
140664
938785
425746
63357
770387
17111
78906
136466
439341
347681
354413
80720
896054
876966
665697
133602
562216
898065
748247
673081
593340
308698
291849
449115
373466
42874
320960
607882
345440
892104
698417
982369
435411
194896
392757
110606
255438
878187
927018
861270
216460
582941
75356
22708
857067
360569
570185
971543
580830
705404
558435
962731
104608
921812
307087
260000
844291
916494
679225
568397
258069
257734
499665
649649
11441
619714
689232
682173
409399
759961
699384
733891
420000
92366
737433
708318
288215
515802
308165
170098
188578
686954
726464
678485
214789
315141
611346
822834
310581
994336
340855
306920
954417
560427
340507
836882
374746
543375
516162
877450
2571
979339
907464
434554
478390
231691
423655
369153
995801
472654
61780
94862
453280
466136
218105
486599
726843
577556
445211
493594
484945
174965
330976
336540
137712
298288
300014
188233
754439
687607
580646
459611
762424
145750
271758
640446
152412
439252
225970
348114
445209
706376
398893
541917
362959
731731
972937
415644
279205
834614
983749
712492
677358
773199
250002
785726
446381
618596
22659
391954
72579
161822
695065
367010
584756
452576
792093
241406
633497
848064
55722
290639
132586
568060
608849
335938
106856
120068
471490
224686
136584
362464
410738
957078
432527
172580
517387
852529
237688
404543
24089
988353
197680
624920
829078
450785
381408
615765
806675
215936
581126
554996
121141
73441
81756
82106
554023
782493
832929
272194
390629
166154
215725
446673
786327
480644
206429
736937
540087
104940
576863
529670
808084
666276
122344
305323
151509
311867
575092
37513
925464
384961
848386
4743
472914
340210
408304
891153
94029
218430
178228
668044
617327
11818
759846
408174
464029
602339
990277
248841
911087
60178
339877
653816
455297
842926
885216
858751
145977
31559
749766
280623
306571
858537
77410
434798
881712
954052
421008
228805
488784
192847
961802
226798
602367
327389
255380
365831
964093
570253
784089
285537
889388
942262
13377
155196
875097
889552
890619
152326
294750
494794
833415
654348
662487
2290
889476
382710
792108
704660
947083
206770
118822
764342
353847
959068
601574
433715
333778
247911
33254
553018
197482
655242
169402
39871
628768
440593
901819
183627
710819
199369
647433
283814
734581
545295
772448
366876
744502
395517
616473
658250
156293
116262
409339
267663
572834
340932
943608
724941
45371
544354
324463
27900
521219
968835
434582
266822
977944
670676
757596
961786
621979
875811
640382
38676
739369
510115
20841
693342
623776
609122
770420
233628
774594
90271
910626
861147
964076
60129
707716
327634
562993
398227
956769
290940
780977
485380
599872
820876
715407
947436
919004
868875
622880
747869
456442
980548
612113
150875
676840
524384
349461
929178
159709
382670
755496
687118
422082
395561
791327
237415
986715
913878
816320
940074
12991
103092
311074
33509
683864
789399
71745
675500
663237
887766
97672
646610
485465
88194
998280
778396
993137
306966
196141
21975
976758
395896
621683
206864
24479
683776
926260
644886
217176
638509
107113
655733
738236
43481
70547
775105
981541
958218
849691
82711
731724
843696
932099
857605
202880
704346
418493
905731
944705
553035
175803
208495
141089
975182
545893
958848
118579
1395
729499
547012
142911
809787
4024
674406
377506
621879
893400
607322
528768
100791
117960
294475
626783
429610
557861
527252
336464
68764
383645
654665
116976
458446
687641
636311
682455
759299
756279
929746
300627
849115
562749
221879
461794
32111
424157
868742
368980
989036
236721
890227
869879
781572
429082
308548
695384
646725
537171
183395
735953
427410
120270
221867
720613
324506
79560
239031
517605
84805
257687
612434
543945
481602
241422
761756
572991
220658
336841
696185
53327
524854
744722
223704
50006
462741
391059
851406
836942
464878
870608
499198
616649
631414
494464
793638
866782
395333
236797
179011
621776
796069
740503
916009
895309
415645
911009
333068
934561
925949
84249
301245
530725
670421
15925
376487
908455
120689
208747
318266
795399
39802
636375
821694
387300
884671
652301
404755
669707
946788
939537
320444
705388
848331
438461
944046
119877
30947
84352
352663
115010
880686
77478
488361
925629
105810
767155
716074
15250
142857
481797
444934
451168
188042
827778
75714
151310
498211
511030
386895
747335
715521
932996
327000
370719
433676
417964
825321
713567
139779
273296
219757
931685
702517
606361
43449
132952
714191
750965
22011
289716
996719
715788
800746
350490
500055
396179
219531
344907
346193
316918
880431
559431
354953
384259
276982
747185
250654
995099
495098
425400
818015
291941
881732
778128
317993
164492
38616
520079
541733
520221
617107
716860
839503
546306
205917
310833
649871
970643
226215
395297
983655
104662
963637
767389
714555
825419
16179
824387
424625
528511
728200
667042
914873
46452
638822
723424
437238
698791
263914
394615
808608
397078
478531
807087
205305
645694
341849
844870
796707
493580
135515
566164
734184
168712
101766
32486
233377
419982
494730
174818
250794
911978
19186
21688
703728
577419
857098
134175
919172
792725
862908
186472
780795
431822
923977
119786
403865
878522
865620
870937
130733
1496
708713
824132
837687
338064
669156
384170
315156
173664
954583
258294
178237
37020
74165
399313
472053
193323
490112
711225
40641
560418
960780
101118
117326
739335
889282
407343
481635
498701
739588
761338
574928
802940
352796
451865
391046
152568
430376
145644
962847
772259
506022
535383
570648
303540
815723
529303
852575
121144
353466
713904
710785
461195
312886
585785
104909
246242
163532
296402
156494
862013
856321
293174
102208
693028
874031
731506
368802
495273
415073
887280
312965
836012
348112
807395
232326
195395
950083
826266
512108
356043
983885
284128
976455
57666
711365
953114
817821
497151
45856
547153
429670
649421
161192
438490
995445
528356
815824
772136
209536
353436
912115
757015
36815
907343
73905
836014
431450
275059
43406
324863
98115
218626
252549
384404
212730
87273
575243
9408
404604
885694
13133
315477
8516
292262
61775
259490
761305
301311
614185
724401
361200
324980
65689
436328
444716
594176
560912
892319
488579
487534
592322
547028
278328
194476
468463
922236
317946
8508
972099
902078
145069
137154
492409
942057
157234
541755
846745
168059
540017
259934
848715
841278
315696
746542
903823
308138
325878
571634
402218
838564
348849
656277
609880
440534
820771
869333
10170
192570
584283
366332
509359
885169
791923
445213
819460
103214
639833
377420
796092
168978
473061
720563
390089
635483
399441
22188
38505
407285
302788
44802
111817
254092
737467
43019
809549
428927
659936
752006
62383
920260
13548
942313
167721
707316
825642
581103
467919
529063
207177
403987
999716
407587
872095
83917
17862
574611
647951
295253
488059
615913
356455
660774
566369
154107
57166
347434
851366
683961
28428
294150
905646
221699
342697
612712
457158
601015
46754
810305
36064
233072
482920
689381
20742
711636
915352
12027
917740
730898
861787
337169
995215
374989
398500
687586
770166
702705
558913
904864
67746
867372
809179
866081
207254
603411
269252
746330
203749
110116
32463
66343
884218
11716
18987
32100
914346
497384
610321
480973
83798
301679
725253
469277
728421
366879
986726
788428
80370
811921
985133
103065
718478
322165
807423
326751
792610
499921
929798
875489
936845
641576
1329
904653
352261
742467
871553
532428
287358
506156
582334
150354
133551
131267
195399
350109
173314
92133
169967
278378
4469
303725
693819
277133
211055
661208
564269
432806
76016
912836
787319
597104
198456
228656
640798
824200
858294
315532
652635
308198
195233
60046
129616
751009
260715
261065
915739
253736
559242
289175
531175
824510
29784
561709
714222
971521
400987
517101
554547
718205
504937
711109
562238
719105
305646
578786
106994
307780
378121
727100
768209
62891
240744
124278
364286
116474
837301
840271
657753
897966
240377
865357
708184
632863
5427
578308
715698
188263
953866
328787
65521
186455
768562
230388
815071
38436
798720
426844
390675
721041
285656
935700
557473
872210
273226
140158
8518
100874
477781
703194
492583
332723
308372
28935
640600
373169
91757
108523
907591
718588
403754
842709
138935
335534
574239
684839
875689
681540
262890
146430
770663
590908
395126
642558
869957
874276
193595
528193
769588
423923
69278
437190
671137
321711
685995
686297
916352
57589
750645
604582
927874
347415
355216
189749
373857
429451
704768
86973
383316
204296
474045
555526
383367
613620
762474
592274
866980
315875
918065
136038
716422
134374
550920
730162
418575
463273
775504
507873
796549
670537
25172
943545
518898
265469
872725
563778
925085
676108
941278
150618
910360
46870
707543
364091
134110
400975
231286
766075
723262
830581
458998
176739
114058
944303
500186
395268
870591
680240
210523
630334
801553
354400
846523
410875
465104
529061
233653
717567
200780
576925
582099
446076
428784
260782
475372
846172
650827
172452
844866
744679
660720
565854
967341
993192
310181
978145
737880
455860
771755
267543
4557
117964
253707
566623
7919
222092
76777
416148
55839
636415
765768
813029
286377
926977
795665
896010
253391
399082
144556
295193
556392
215503
268054
518352
35841
190302
776429
439529
348444
937900
429053
858353
570805
766323
538316
126539
337600
243623
106322
374950
482924
260468
572758
81219
543069
624514
53929
652296
371611
665436
891465
402841
640091
130582
530378
360124
23130
853372
165345
315644
256237
537342
835118
263842
530238
101098
443774
425839
976984
416564
594717
797753
441036
715203
969572
184165
252422
312665
753140
339223
737176
505844
577409
843873
62371
331345
597666
876141
325217
456181
65588
328268
397876
787627
168453
489923
225081
615357
622731
565770
222179
628498
394463
145253
956022
671917
216612
236970
378379
533079
421855
944664
55905
754979
389023
510632
26415
874527
161753
550582
897392
640976
641345
685600
670996
73794
767208
944882
470661
706679
811507
786063
210316
733812
884850
771658
731202
521213
20313
475278
953236
664776
225680
513302
960569
523911
341543
446196
377654
915305
633266
216879
261503
212087
651562
374544
664056
77277
45510
371525
462621
170689
538519
953182
710420
34215
377819
765867
643828
342829
805783
228432
899515
268281
278305
885281
429189
370759
202404
800109
130896
989794
409755
19579
689554
460883
838993
696040
722576
491570
320641
883253
168527
808977
608410
935055
897322
112662
445298
757368
305981
267437
544946
515327
886222
328323
171417
721905
890983
55425
327105
687823
772309
215687
281234
569340
717900
648883
995201
60868
132431
797931
771090
512640
585921
980626
375126
933092
446742
103067
460803
853895
655942
265336
298454
355345
484445
384108
81461
193567
622158
451498
558361
174495
746977
517191
748290
648059
39451
608644
992845
32244
657326
461626
273562
323446
183834
717020
169165
1544
499840
753868
447252
118025
19725
317087
258338
155549
717748
340990
688592
177819
622738
356528
181971
774674
280425
425879
670653
465654
