273468
871541
529950
921837
412418
109610
47019
676841
169959
15028
443191
556846
48789
219841
758528
812167
738031
994985
505625
133132
446586
286944
33227
155016
726230
866686
486873
33679
455474
36844
680489
876377
545309
380923
55265
575230
763137
729180
684348
832151
926223
998877
57864
721287
744479
11190
303633
621816
939463
700568
948302
656078
370557
738403
584034
573610
156631
967666
698770
699795
669651
611546
822855
124376
61977
547312
282034
730463
402340
67213
489944
275632
777058
227649
600486
871305
264292
890802
837937
614730
484836
354189
331344
193494
532566
632103
358200
954237
213770
912519
642392
303155
328369
284511
685097
984017
640284
316601
402150
130429
387991
963005
556609
751084
554128
887681
771138
546057
651718
994736
254315
312721
429815
490617
410580
729684
486915
194208
741177
442091
635842
173404
765593
99216
692090
12885
404960
806791
141893
428427
262520
972447
225722
549339
741800
995840
858056
330924
742162
391058
891376
224498
569100
914010
563692
286809
370362
825151
902912
158788
212841
529594
527204
352862
656150
387850
536434
5552
561855
404442
913742
293737
892356
429785
144055
553686
250055
535449
504840
952096
86088
574272
810344
31111
33915
10383
344910
292835
97906
76375
512444
745457
213643
588999
641217
494377
311467
91615
732459
754311
958682
739427
604138
317155
308746
915430
462182
935221
599596
551735
15193
213054
367869
389801
708797
232069
641315
462695
381113
239437
148934
567952
836870
406964
341209
508929
828859
181070
64027
844455
826454
705830
546637
431141
696284
237778
555110
205263
753794
759708
493816
548421
264898
267851
997232
669572
821854
323883
461070
576201
683175
687224
428012
720098
817024
460626
422087
493235
449550
341751
575771
45905
818661
471287
373685
551197
589242
588211
829877
894786
471977
648788
956256
744038
423910
135949
801646
125021
898406
855250
209906
483138
906835
570076
830810
617237
165870
39673
378040
36844
63610
426447
958794
581056
872204
477933
809169
973874
225647
383869
402887
361810
467049
893908
147257
60201
732421
674612
333950
450692
520055
76110
588705
972588
298473
694675
78293
923043
313672
245302
133614
15441
518048
744732
629336
256757
932212
789153
958011
356662
985473
47933
461621
916925
446807
77369
179191
760026
68809
558015
635736
286632
100350
366809
590533
41617
682718
959051
921904
940602
571502
71625
348768
966107
404975
884454
405671
717033
177190
709986
183686
481059
520844
354275
161558
685052
876098
989289
868896
405050
526714
882700
867384
936262
646285
541516
173530
359983
505724
497861
293257
625387
117848
923433
351224
437916
615921
290531
407294
555590
738858
72081
203651
690797
829160
34181
437037
735295
92862
848639
1446
103742
54155
727972
422143
726263
6736
541751
975197
17605
976161
536055
839024
346864
783610
87395
451084
868978
851873
355354
94893
302857
529433
411234
311313
197488
349023
556793
11776
206335
441001
692170
829430
673143
275459
980618
171860
350466
182020
926595
258588
90822
332668
838372
100384
956063
339568
975909
259010
554633
328257
653235
113273
555539
695457
366721
91047
560704
308018
472580
970714
646912
925480
868722
174537
303705
165840
238594
723781
485071
639244
762647
55880
871707
660097
102347
479737
394642
925051
772525
124992
161657
202273
878619
951447
576658
737368
393948
319750
743769
322816
475004
338312
717023
769115
115788
158118
839845
395548
287485
555950
840400
592812
942557
777384
559236
1128
614394
634213
774119
993230
386789
189464
731786
957999
146790
216060
322927
592197
294590
174688
648777
920580
507698
186305
402572
94071
956170
118820
436788
667950
972631
126609
547803
10208
925140
814575
515874
122784
286835
611159
255419
161801
489796
74187
622157
42132
872498
563900
279682
515141
616571
561851
425314
121087
671310
309325
964138
628900
685562
948382
220370
587174
744372
366402
843408
714244
558209
762668
176848
342969
391718
242405
162300
764284
776480
718799
128003
389585
127955
972949
694093
555361
76459
727865
111854
8405
465508
668729
715717
988972
895057
617303
6134
87043
6389
540289
553725
324786
449575
587393
538172
966293
118258
910506
241414
912047
483641
427419
274468
925600
900052
433663
610997
275193
883821
463547
446873
809564
766882
53312
111210
93291
841917
321063
650312
875169
712402
368203
326173
343086
391659
430949
177286
356993
699786
690721
743391
245983
461514
587666
588364
77647
36052
664977
708014
259457
301343
635191
267265
736456
26963
351000
2220
849568
508936
816484
974338
364120
456561
852808
869413
544776
65594
247875
79876
840954
24954
760129
63103
412044
553118
609582
295741
527962
626632
21897
559313
413644
271235
143950
928059
211443
593132
713648
290986
898785
20292
368601
742117
768600
424588
32044
320713
982425
488165
130194
253395
17985
327351
650716
850951
683894
813181
20508
945633
389632
142963
196929
761348
611043
806034
743398
851362
142058
472462
457688
412499
726197
948797
868871
916945
890214
185736
390907
664099
236682
314400
248080
8880
755872
267823
513061
653572
743460
315598
638509
386065
940916
141995
350456
438293
583456
107452
861315
401592
58848
138920
771547
737116
199310
489559
842195
753864
857743
394197
698615
116710
237161
5188
567751
117791
773157
407426
929490
356233
521969
419166
443636
261538
480325
122983
115478
629739
536841
32061
922711
278530
356279
653862
138109
511395
527725
33844
929180
469370
154669
542028
886334
736396
587227
615421
554780
752413
785063
877999
973730
901689
518529
822278
564060
240859
257473
808452
719483
467950
549972
56311
445639
416240
792783
115098
602853
329227
20685
815520
294855
683369
290885
894235
85670
958187
269603
46451
384547
797088
515312
789174
176020
205455
297519
308879
259448
509331
680656
691823
45798
231459
260156
695701
349182
184136
928859
572164
254363
63370
64297
858035
453984
219477
813849
910007
26876
799540
178900
103028
590724
889095
593525
567141
88805
258665
93432
463344
664158
428399
184657
671942
928447
462215
208831
651684
517819
915455
557893
959257
895207
991755
837293
341366
582810
7444
10509
596323
204439
186572
566405
499898
296820
299795
941880
761934
134661
500333
852476
798162
468568
181005
358749
977807
54394
593262
26619
845406
581091
886004
364102
958035
2306
601128
874865
483071
314474
70455
550068
875431
539196
253445
430102
847583
770155
517513
448255
837091
745954
315526
184750
427677
171500
123336
728644
498629
786663
827578
298864
31550
504620
578072
304654
408802
138619
885589
115337
394093
32949
99454
652960
640909
235622
518474
49798
849830
908899
511193
344396
874653
941089
882196
845447
827545
365218
991255
146012
38799
516458
302642
29753
740198
728202
821171
91950
825910
840471
453305
586858
136771
372225
843546
432155
851618
715652
109628
469491
310329
636581
453766
497840
638430
901457
682421
787802
341667
705715
276894
503867
251843
535633
254125
670274
880392
334984
758857
560494
466267
292218
988424
418609
700635
278339
269710
487161
312545
102233
774358
530566
888929
515653
332863
274451
694963
733050
361494
272890
836715
92298
389751
696354
347834
893311
136498
532073
789849
749736
249417
56416
197724
517265
124070
919193
466289
472826
88141
194263
377517
530450
129112
460348
940591
522243
500862
914039
225608
767937
382579
386849
311234
796711
865558
373191
655918
787782
76357
567879
547952
338690
116967
442146
9211
983019
618998
886432
921502
821622
673231
493535
328700
455549
177434
51210
924435
660656
179641
999333
837719
776376
30895
38119
178669
366277
255162
907485
77789
185469
403666
776012
416663
114805
609549
415498
485304
280789
58411
867236
470822
45665
441592
35084
568381
535811
16088
206912
461427
515750
330496
660553
111602
985556
389997
876487
726280
296223
61898
410718
549528
437453
257435
903528
439705
62597
55083
741511
898786
556499
967648
966026
512948
796255
110198
862177
611964
983986
422464
119830
198056
453462
9141
498689
965399
541957
698003
960472
580544
910360
535045
267022
438620
425492
533664
678490
143339
287734
968202
273076
204087
1155
890273
803436
738346
153733
503020
567886
766030
83309
869581
220621
412886
558559
53999
782606
369643
809111
357091
146994
479749
791371
991497
310151
887890
214257
122660
250387
763808
483494
995769
927001
307698
227087
349659
867563
629215
495727
295865
425672
850490
426316
251138
665380
63991
606519
947160
118784
652506
10813
991239
49223
525769
394438
199609
733383
357672
398526
862083
208652
118865
443241
121288
503672
796000
467420
254529
750815
218507
300817
468253
277365
783309
33287
696198
71709
64983
189219
185500
14623
327905
181307
858289
122330
979415
818907
112613
311719
145004
534307
186304
151719
47854
416225
3063
263672
851275
372493
50420
465358
176065
965056
779344
256190
520737
953011
78888
745121
175029
487291
225630
694115
346133
920164
150653
331093
839642
448505
440506
37503
658794
498593
542886
700098
364356
299519
398156
512296
231160
424405
925438
47885
943120
726401
735809
928826
577962
233187
248515
789022
862604
126815
165903
125791
616734
430162
339790
304328
513813
689171
37156
106226
55070
119747
456289
409254
782961
661841
808943
581712
87483
871150
878781
380894
869530
886005
407990
302930
98304
206097
52353
830433
595763
11261
913287
997844
578148
261130
498623
220753
104640
301163
740437
303616
567461
551449
264455
792802
341747
935274
573634
401910
800658
563536
258569
794266
462078
815149
269893
439910
741862
532000
742886
840727
376541
578149
997359
556718
131332
841903
284712
910047
623338
765460
632711
937212
764907
891634
443898
16966
359676
591638
187580
845197
767645
350098
211910
824063
111937
262911
838677
249778
787354
562895
687618
219231
730983
902929
45890
170431
283391
506566
21071
885810
991590
105994
971064
103575
140846
91451
782570
662370
338389
404354
277934
124928
560511
275038
552353
496745
958486
960101
825416
948051
975301
121922
60411
774067
630799
847698
868111
384406
619992
780871
793146
387165
590864
69005
656092
490359
973424
67183
58614
681620
804776
120907
173315
807046
738151
422424
930101
58298
438510
234299
511366
41107
656222
708936
24719
399338
401882
442525
920142
5572
997079
229063
700959
805336
56820
82713
132421
493550
28180
913009
594725
37939
5017
262445
835685
484651
618912
20703
89441
21801
18100
886713
240438
554091
197171
479467
305727
587125
561346
641984
36252
521874
872877
481147
926703
604422
232176
528692
398010
541772
246235
466523
398506
854421
255974
383918
555575
872948
155098
117162
682310
400757
996622
984596
601364
567195
680417
187083
100927
900539
894787
345519
61238
168495
825517
806590
859523
910433
197096
477705
171364
650479
345780
90482
457134
331391
664310
965394
381539
911206
919704
691216
114624
575964
622473
343665
181286
18962
484557
362125
474620
474948
290721
383948
889115
98084
422184
76307
282559
128170
798600
959900
306797
392235
142258
784960
902783
165420
163070
995333
951209
204521
881272
824762
126517
177633
358803
554828
691567
314435
873428
214263
96952
20168
826050
856602
332994
800831
87700
767401
504166
751110
365612
711282
978419
482862
681304
2536
427716
725431
91353
426258
128129
656278
322119
70505
793636
126823
313574
256367
993037
860356
440552
470323
230814
638584
924484
944653
409179
186362
846680
219368
478706
268116
618818
346775
401668
361155
46613
597011
711169
581432
598543
16793
596546
790684
936060
538505
671202
971237
178377
720185
140383
124238
620641
559451
110652
570207
351980
368808
403498
695674
637949
535004
26835
870871
516508
139727
511990
231401
280616
688612
578886
408289
940141
175187
371251
452137
278277
857598
442517
821472
384010
13230
868048
623177
901975
690217
990136
91594
402894
871801
266191
449634
474224
896211
739538
810697
785986
284590
805216
33266
888222
883998
322385
854608
894928
489130
702036
183598
438989
70464
994891
712942
704858
192869
212116
474008
253756
367972
166929
613547
676137
208243
361538
989161
821120
507096
100198
176306
725890
503803
958578
129377
712028
465629
54520
841078
974760
313687
479676
13529
485411
39913
956378
109413
719457
171037
852765
547993
195355
246154
88069
502359
937699
65425
675039
510159
793231
2363
808403
616943
726999
608223
928931
380234
816572
651434
481821
345157
247327
122440
734822
67320
720709
561560
98567
246928
437247
73988
285901
442738
456709
73321
324217
796378
967161
8931
922001
157544
253886
68742
540257
631258
888862
510288
266311
420085
764447
896630
165708
671125
47662
383753
161968
686201
731161
486474
610989
324897
853249
306490
560003
160235
116479
261110
52681
21054
522923
407263
992756
463424
27098
381975
645793
598958
918381
600635
775474
324022
8446
934475
686246
860956
101384
224123
570271
722897
762525
973477
282728
998914
83986
297458
477309
414292
873935
892541
472650
945155
725287
70396
485369
986345
707265
658458
500336
863629
451182
441389
634711
977348
417989
44488
138150
351534
219502
248630
588528
311897
227430
45824
982506
966455
732424
408753
844482
842861
429818
850307
874568
536024
692438
315043
982120
97262
58977
219994
958273
211030
337259
394614
864524
10736
64595
208182
982042
14568
814427
257775
413466
875444
284013
540120
24077
195320
837394
175542
38136
969524
141278
286163
209747
751806
35348
315570
10291
535968
534613
45456
317593
403655
68444
163425
678813
451562
758541
511102
485296
11943
111349
225854
192633
980253
79979
81264
481374
185609
593337
99024
304821
455552
198496
508553
831499
152688
314856
183320
100290
234621
940247
868178
769730
980241
10303
70907
224033
999198
847627
210886
503719
439167
101875
290369
347907
834612
371712
643889
118439
48714
429466
939063
189924
937780
746047
127558
8247
416227
691631
172407
862440
260773
682793
876645
743459
301135
166593
218960
220455
175094
452944
319870
698479
749349
36762
117235
541838
803486
469684
540704
699079
655696
11305
148397
478732
442350
921249
682812
33646
255933
364524
79367
354407
