873004
15977
233169
45882
988267
582502
502808
373472
330799
210351
307699
502813
78465
40259
285078
200676
713491
216487
609292
637115
370238
883584
885828
332216
155084
60502
227301
188050
719311
900673
803205
580903
419970
177708
932556
458274
436934
392120
542316
420925
376006
755051
567672
498347
113854
938497
791156
692735
119192
4363
421262
622954
934314
330658
760213
425507
36989
389427
781248
476407
376471
866737
783082
783159
345939
312733
824346
169468
19625
838483
229113
933536
629802
759001
281240
48395
830459
446280
214829
940469
660782
200444
284585
184177
972785
589860
548612
486271
446417
394780
299029
741566
931542
380712
622060
459708
947965
948127
454007
890392
662560
784172
186738
631196
63304
460487
496228
957445
668497
689775
204160
851226
595379
280416
630134
227021
508242
47444
820543
685074
741119
475356
49020
46610
935827
60787
128693
437247
863659
922620
814411
745828
198690
673748
353430
45341
631626
539664
533953
474350
360895
788932
482523
470154
836382
152531
574857
26451
171200
664812
190315
206452
978519
119364
856466
384701
190622
961444
336545
886221
384240
30344
846509
228750
641403
286136
334553
503367
260794
589020
273502
323592
945114
804491
494488
794789
963584
475455
615334
570326
828125
496825
704912
708844
117656
306848
332878
240216
600638
871781
966143
325183
674566
743049
423556
89691
298472
150404
865571
392391
908450
558153
863407
916456
759084
632061
891953
570826
987065
663258
904523
425387
971116
953315
940781
375982
684600
766699
482158
769854
639475
314196
968458
932062
745783
914778
663447
493819
618899
677157
532625
866006
525910
151438
938035
634442
493004
239216
213098
79121
726686
187336
196204
585827
264324
230770
399448
199103
742028
428783
389713
645341
508572
410662
321936
903679
6104
490598
763761
385322
370753
686371
897506
19548
205904
657769
222745
248892
750008
572782
744592
945099
655507
28081
89944
489766
869659
694855
143965
863070
188271
737739
671565
223415
603132
644415
60496
947068
133481
482417
371220
439625
672337
492949
968195
453195
326177
750280
263600
853399
213379
66229
168787
72712
86608
141980
570045
461123
474904
549936
746636
244074
563098
302641
855607
2528
117485
593230
1900
34940
168632
254739
146660
12845
830988
214980
108406
218864
424975
484398
855216
122145
880399
523297
25020
481699
616010
854684
920179
968669
955882
890869
362454
829165
607446
483932
25745
35899
803887
178192
890048
205062
203763
687959
72110
662004
483895
76419
478958
121706
361707
895588
637599
30347
561861
870283
491198
757627
122361
24630
228590
678581
120552
644652
627679
522251
813919
77773
104251
88028
622910
492748
651695
197170
355045
651709
781529
493677
956589
445271
591826
544818
949986
552447
425300
470315
512665
885980
12006
306384
888408
653119
907357
368592
739717
215673
291238
348060
580484
492128
670574
121876
156929
793456
155806
575975
368460
57985
771572
569728
590903
972285
674530
850496
540684
510509
661818
198351
157466
186823
46234
764359
567351
758535
556315
544306
118871
874074
904562
271274
411229
925717
990155
561428
905514
351761
383428
452791
435987
198539
238001
509262
106638
461612
580206
168586
510006
145614
172914
735388
589415
145339
832889
708123
590004
180825
998448
783459
268906
623497
772117
672720
519942
754865
887610
835486
302390
752724
62057
253708
932534
392089
712001
39471
730842
847935
152298
448758
192589
869390
215148
22999
414699
864597
475249
874621
396120
239241
5726
936627
