981184
162625
103697
983443
687330
751259
173631
34372
163775
628172
413937
451350
372027
430713
883722
476518
372779
67893
137776
938717
626299
954073
270579
534084
664375
444244
301809
990023
39089
536910
151953
677261
674393
442961
807905
767244
877542
35558
647551
781623
870450
452349
645985
50700
30602
38029
615111
749366
832417
809810
789429
569947
273079
464438
371812
2742
153163
950907
82679
896822
642001
33515
205810
58883
188653
626917
115726
23517
546120
82179
655209
574101
101063
664234
856549
159539
493288
482535
434268
617827
30911
130756
292387
855795
102587
674965
5209
922708
221496
782195
193953
679023
452073
551533
226611
940721
199488
956483
861844
326257
324956
659298
593606
859275
785895
540392
497188
639290
631520
215543
577927
757177
481661
445652
612540
68203
677216
924263
735935
718221
582289
809787
298766
334138
796502
498477
705030
72188
536302
29164
671235
511904
69155
471442
836667
334168
342352
376443
167479
393918
278914
791405
84936
588270
342588
164900
667883
526769
19583
233860
158106
361395
824053
279930
597185
830696
877846
105899
59324
72716
284050
74371
883138
536980
909690
70231
706017
967836
281668
340049
510222
541244
574601
128514
147035
161954
842640
489462
717294
716991
608328
719309
42437
66823
691326
436123
279353
200489
465177
847452
541278
680154
502526
576076
247039
104471
267241
748450
199079
201146
961691
17515
720931
251683
841825
866128
704354
834267
336267
728613
996261
754919
324193
985902
124240
708036
560013
452429
462250
518705
922526
839922
900778
690648
208374
634164
756990
604267
945455
939977
697349
894577
866123
148191
825350
399622
927386
881185
69750
822702
885185
172082
218661
842900
676366
32520
321933
509136
878592
403637
106472
164088
377654
353166
693554
397373
406776
415138
176898
446798
74181
934518
439719
740458
914474
744322
832347
194483
563496
954911
427544
858082
827113
155825
406390
387664
326063
672915
102750
775413
751703
833005
931250
735073
410980
70797
844580
318515
46313
101545
929037
566489
457546
142981
613652
710151
294062
225319
305500
196640
681929
585050
455607
180807
304610
602117
697571
250549
370060
104193
730181
199203
110417
443228
31129
917261
219997
532482
732732
404740
321530
967653
59762
145941
607396
457607
282440
72579
242815
596440
402148
724480
744989
389711
98486
872158
770679
784450
434396
529690
768324
74976
547386
234249
56429
364573
325025
294938
663799
186680
638606
809188
704127
215778
604436
110342
162128
437954
722049
185881
621546
63373
744528
422085
190427
741842
353486
387801
785858
759239
571799
23424
684382
193727
316051
606351
244425
986250
962333
34164
75449
702225
855157
874818
928370
878895
995990
941595
718451
357707
677553
232498
5720
29856
58892
530442
706281
142953
315905
531073
923407
382702
306467
12971
31144
206882
599205
596695
699004
987065
384695
947336
531304
627362
688697
746536
426461
470910
277593
546582
212011
333917
56485
485766
942678
250111
966644
278403
771766
477033
172058
720881
97329
969321
256883
64337
86800
765895
318379
711562
415132
369812
480702
634671
891656
903825
925725
303988
554245
263225
570947
379436
948915
654428
280929
746819
380521
397891
781592
64162
85765
369471
621747
361309
391571
552652
137510
86318
385819
626102
219611
268353
596048
980543
300156
822518
51083
75309
612161
972151
63333
810829
22956
335965
818325
526588
334624
888521
352042
974913
382613
557021
725208
480824
849300
799367
305921
132351
444572
15439
26937
895921
405213
732564
122955
451947
933882
545465
554503
716721
227087
241058
390025
686645
324195
443587
528333
62209
460176
461958
248627
870606
148268
315810
634763
338119
336679
755055
593911
7776
604485
757709
912967
737628
679496
115925
936557
892627
738830
236002
468002
246061
455462
959430
928218
3638
58492
757562
961907
972074
523502
944035
699111
853169
303484
916039
474486
997353
478882
872205
878642
467562
251530
490499
897438
363044
936610
921041
813420
943188
253160
684656
715627
862612
777312
284961
255815
745529
630661
897561
432348
175658
239803
183322
782694
633965
890180
834044
410202
425174
898235
12319
480704
338848
339753
922945
23545
577138
151161
401013
826546
343689
462363
893504
902152
517257
53711
976064
921695
300883
779061
727532
212627
402080
587789
824044
57746
919403
204537
434736
542464
353577
328966
400659
541042
904855
732454
918574
893090
673714
119553
437580
248562
490630
970449
363409
432573
147924
351035
906207
160882
764795
233698
240669
268024
302695
613970
59656
656558
896723
18375
706809
24799
79470
777804
166802
925981
628893
896486
383263
383012
87572
330371
707008
414369
508270
863998
680536
707346
932843
501873
948502
138119
142474
888118
791655
116682
794185
965090
280308
359037
316592
475684
510438
281104
718218
42054
961160
942346
548981
827964
436449
227371
19081
927515
729632
357896
172466
219302
371942
964052
401
219706
558764
152701
489612
682512
752859
252073
101574
824243
18663
577170
38990
145410
646389
408103
423642
600136
119380
350626
27984
907266
652053
594911
498613
117732
380527
884759
357407
430867
194121
958796
871939
864175
178922
463800
365488
673652
557679
449271
262630
766222
26607
548462
180464
600042
896529
880594
46274
434538
518638
130605
903773
572786
421618
61878
254808
140447
287205
826665
622555
792857
209053
373925
423003
797662
97472
172285
170380
257039
199621
830772
954499
922057
202892
98971
693437
243274
777620
895847
316534
911174
820015
931801
263247
767998
121128
476542
919617
48978
451497
791946
144392
902026
577237
543078
347399
998605
112858
206312
984310
848453
477203
593887
155181
753984
114431
471197
97478
19260
23295
508995
346838
62904
373336
33069
388491
751125
325954
397630
868216
590373
670640
891522
237928
153187
935139
369267
565077
258512
682845
239269
485051
896299
290098
407897
355075
645597
173891
521713
147462
762631
869044
116651
916114
385812
444874
706507
765618
982044
627958
174171
293452
919627
386516
314133
330254
92843
86031
506002
447283
721491
831278
886728
78546
341175
734251
561634
27294
777098
618945
797715
618490
154899
538598
525732
592250
238283
513770
655758
314497
706158
881966
737076
476252
534870
186002
374475
343415
320087
77934
236845
105191
496684
624900
538885
352086
153818
607073
289436
550842
71415
193743
958883
728136
320634
617588
533684
361099
956181
683737
575915
904591
281447
600532
624107
837272
762163
553703
630283
452371
619486
588308
954347
766222
655700
852224
630625
971264
319836
199865
216944
312802
135398
918424
944906
843007
392987
491924
927145
22330
565942
332246
114492
688071
144349
598044
472277
583311
710942
860595
76580
427129
690880
844438
327862
400139
705934
893173
583396
711179
101512
427830
119448
279878
897731
592374
876121
392942
885544
48615
407048
800403
948934
498212
731779
29184
278481
525764
33046
664004
304904
12165
501243
891522
925022
985180
579336
706199
844374
305321
557091
175222
459399
741181
189373
288978
223111
749431
584396
44719
698068
143675
319327
196280
428242
26688
575845
450368
262336
594540
395448
629473
870226
159176
340913
858096
736338
699918
322652
270620
38532
171628
776338
425395
939430
661929
287896
925673
618094
792383
254835
512662
748581
12844
481475
211130
909119
802203
402834
166531
95277
571716
741539
160038
699538
184063
81944
779326
492232
480252
250530
847175
579643
394812
280414
865721
928217
977520
903180
237688
291782
607324
229135
713124
972457
407414
548827
515686
893847
297700
787038
268366
104982
790106
133045
651267
373448
917911
492817
402993
551168
685238
750517
209965
664428
103155
121132
40798
146303
4927
891840
831567
880127
626830
327100
864132
562587
546880
439951
116991
550531
373786
571003
863175
807750
232527
928573
314321
161926
216771
369649
213411
482038
727452
589455
318079
95376
23155
968293
743003
211180
798082
206106
885947
640163
121346
986120
247850
526633
129443
183426
337494
766953
996050
513569
562627
328986
570752
332049
848887
199399
361405
205460
419314
732189
703136
227352
97560
279136
638811
842215
269249
144710
986010
354898
945059
190612
544895
206695
20061
640977
92711
481859
340170
792152
528372
515870
601815
174476
46177
458586
212787
504348
864406
257467
138257
349054
842945
893928
342746
863248
78615
650733
838104
166083
597019
520229
942331
740031
602146
146998
641217
163477
985046
715097
135758
440318
346294
842742
232292
687380
528857
615284
697116
431510
138377
427950
455787
787673
721924
203391
374219
222954
124926
987844
35529
111297
40730
937436
367069
702428
363995
115368
797285
411872
465684
507908
168446
929479
996819
234840
676984
194821
576138
56295
166339
624733
344756
851718
450578
147054
456826
598128
595716
965428
882761
860564
29523
759495
182320
122556
540004
126440
952265
884423
364731
187238
428861
784997
53418
86910
838724
812485
318936
635993
79206
398137
299608
855369
853129
728368
534191
266313
30082
7006
832586
230675
798114
477983
498872
445777
962133
425089
193921
495220
279500
475497
958612
53315
515357
782187
780136
300840
355397
810680
598207
792529
694449
734950
241128
629747
524352
453222
780804
567468
717001
140802
863635
578733
125901
343870
624559
379557
344204
358994
290197
788687
744875
161846
977774
969786
907391
844716
481908
719507
148152
216918
531802
634979
19702
224149
236439
81577
889901
231319
225099
585080
607261
756006
50435
881198
874866
567302
401028
239166
632278
648403
76870
507030
326112
167788
822430
226608
403141
633669
462939
960588
560233
155306
240850
138535
858354
756711
674069
80190
231971
591161
346076
490351
497983
271964
764157
544446
786561
775934
993909
405365
500441
334773
50089
751936
814724
17929
128454
460081
110458
803094
923484
62734
311015
992807
121128
552763
152137
580804
951662
233437
662544
764196
715282
859865
712443
322783
62600
685028
177870
718876
945496
191405
415345
566324
900275
789046
375471
485238
922295
621560
629867
6470
690653
358819
383518
554891
837823
235902
191179
879933
275589
975783
573541
976894
84809
478485
834753
987516
156725
207708
969392
912796
67027
931837
335190
83299
131952
119840
681430
533352
24619
774032
823738
3602
528390
587758
319944
193095
753484
347089
178818
892141
542015
48649
850978
693201
351637
508260
201526
865600
162870
485330
712565
722721
389833
443261
579435
272568
254424
38173
978754
512289
439234
773612
374827
856236
940890
853144
924001
696960
488350
317760
377669
504910
433439
320507
203727
68508
616186
891021
22118
73331
55297
981486
250851
436184
104123
593426
742649
171043
42420
590942
962659
360196
750094
663094
611417
126112
493436
965862
417291
243440
845244
955590
441280
883505
302335
611788
652760
881169
657020
402515
708638
708517
459153
212009
365832
174379
426281
877943
30277
31256
647626
722586
684152
185854
921015
536239
671217
358745
364206
470986
466054
643609
756139
545377
447563
797351
280944
971638
69086
232939
747164
561429
116256
431780
670359
339660
35020
770613
138817
958274
754701
564823
522161
127178
577822
773122
336269
196190
730038
388819
785590
163892
251538
260131
952961
922855
839161
266489
472133
984681
45624
824287
112672
28960
979829
374436
941847
735369
650027
802834
766573
645591
422322
179783
18561
299478
376489
848731
310838
538822
34966
312593
516426
814874
539516
67948
40367
907474
479785
819052
175040
53938
348475
199980
529609
899252
181680
622388
561153
281064
119348
362680
282521
539385
247363
610399
416292
965862
708288
539868
194726
22758
909196
653079
243041
497927
181453
652809
92028
844105
417628
106737
490874
547811
179047
650996
824474
322516
707814
729841
210191
450456
359065
542296
398920
854319
22039
257105
675366
758726
346838
505537
167483
663654
731658
217367
634756
167670
238175
141950
965478
48440
373319
20182
940247
129235
644681
551063
122721
962835
980463
16019
415591
405793
950725
910200
371202
438215
7624
363170
68913
911930
721773
838132
973984
380830
49960
768490
614428
237566
405162
652539
187141
354492
387494
964412
396765
176156
441458
246351
342642
471930
491892
338830
239654
80997
196765
327801
528644
631998
418870
342453
398047
438151
760995
598719
986179
971654
903850
750443
264178
479419
903514
944948
613817
146509
684068
432573
558581
978962
908794
988880
885233
559706
698414
352045
684251
214029
764819
870577
800423
945996
721878
575256
987777
353139
587612
357864
549941
984640
295456
564708
427476
865169
239797
676298
404447
380465
338876
726689
545965
232392
465989
744562
426065
55563
80955
460925
723603
686755
519290
276457
328245
556541
656713
341391
699296
472513
254515
578243
691470
448284
934768
498156
274690
476957
717455
332282
832952
975638
539023
68056
495508
380456
163138
235686
906722
317116
409633
798924
863320
794259
102351
23991
365508
500573
684809
37633
937946
627607
676577
755418
736125
19105
338897
990269
710105
543481
545009
351268
90723
572093
703735
98708
304778
878373
277961
737778
223148
365260
297542
368894
839549
314410
71412
153288
773388
785066
542245
59258
82475
868860
298159
71890
88876
527445
892525
783426
193312
154406
414884
624552
339016
5594
586199
854829
251669
723566
434937
710599
293503
617024
407183
452906
633201
896138
516292
988884
795210
291721
160802
806755
142537
348195
405052
289440
233755
385287
921368
358945
808964
585042
737191
480819
140352
516832
275149
896526
215011
994908
19183
104993
745536
175868
194030
94334
951149
727763
862045
836316
68815
843154
130265
66989
771517
803881
765221
327948
243432
944970
761345
827780
661767
739907
309553
163766
784209
84968
84788
561403
697320
167939
412964
675469
300217
304231
549924
815403
247914
360749
583477
156380
517658
49768
737386
733964
926757
679187
152999
426637
213569
146788
950764
296719
41302
785258
581480
860507
57306
456771
931427
472073
38210
251782
483505
236301
921678
996075
453539
644026
409543
205839
947316
550870
948991
548089
943777
162362
140513
72546
234668
63967
865607
606681
469441
697786
72689
762104
905254
758331
831217
257594
503182
828469
181493
176639
85101
513791
408419
798116
664174
253569
840391
938039
774481
992036
45798
510360
729334
398422
54499
240117
69253
259513
45126
109651
175323
2636
503704
325280
649130
771544
624068
87682
636115
592731
436287
82016
722782
412880
525656
907989
764647
294493
672036
971856
774168
300187
745173
776552
28826
476029
844821
424021
12557
53561
814126
105701
986038
541155
878723
610968
338129
402041
606500
129273
628983
846078
283929
229195
683840
372138
407924
999039
494880
228804
605556
373414
333401
528929
229213
586100
748152
641558
701150
892869
83105
787054
738332
438328
397452
64436
475116
975802
184174
371830
527511
678543
582628
197170
608147
929160
200073
509102
875947
916585
775506
790185
624199
636202
358918
196800
676094
912515
560796
224293
803992
62698
773865
780064
644092
457195
23820
212003
586690
826380
664346
678266
768310
788575
354019
323932
144946
961222
695783
429689
241091
550246
711386
439089
111392
275884
336223
242286
723269
828006
716333
27124
60876
307673
409408
390352
493090
939534
317717
996778
307779
595557
359485
437946
458823
896995
760337
998770
159096
670734
621806
65133
438301
935313
860409
520899
787386
888470
236057
542089
1475
934347
596668
614817
271761
681674
615347
942459
257877
814864
993342
794351
346360
693386
932731
213070
188443
990590
253874
298559
954995
197666
836138
259312
363096
507450
341326
9350
931105
558961
923016
587072
193992
619371
803781
743622
384688
444425
461238
145034
710760
412413
556775
696374
754419
215888
899180
121205
661875
50438
153482
550436
799794
407352
927493
51389
879433
975446
338029
478944
231853
258492
55314
965367
234939
116003
265884
175110
130754
982182
447111
306633
118295
688036
480813
547208
944119
148443
572801
66290
231341
52957
577325
409706
322018
378278
181400
110384
962472
153233
319909
621893
149887
207547
917958
953148
913839
922422
277650
456159
709120
807598
119009
387347
674317
852100
136123
817491
889690
86361
74326
437677
397661
242569
733199
188866
724580
758127
353561
16781
294318
365191
176695
327768
8640
483046
829958
375358
644844
679357
545109
60829
967057
838028
259149
935072
965221
651422
572344
934871
139462
903657
591212
617793
568707
327585
631567
106547
532499
623468
312469
968646
300758
15762
521772
112786
20387
170290
971625
659791
178753
55308
304494
61570
648570
165591
350174
381047
787166
36397
181732
282665
799528
612152
259903
987312
353235
882267
237906
242062
142445
629384
574100
13755
188272
140978
721244
288630
972667
908929
606608
194998
989801
704576
24046
226633
289015
406314
941024
727842
352953
291091
90032
765291
990963
653504
98055
245447
331821
255052
33915
632936
243494
305812
745572
724000
124277
494817
783581
995980
592321
488406
419259
593736
469739
456509
223783
905465
189707
287127
64582
111838
378632
707441
748741
402276
143271
608242
23757
573401
477013
860853
602026
406332
631484
412146
501500
285613
845068
412272
659942
476881
574373
845928
634756
835883
158558
823507
424744
465034
589308
670020
710753
205563
83671
834756
572101
649132
487692
136480
487248
640233
74041
656687
348748
428265
307814
278287
75754
738910
392217
215821
470579
867221
846155
208988
399621
687377
301846
184011
502802
530135
736279
837543
944914
379182
929281
821311
721852
898937
725885
317863
461744
14928
339164
453326
808841
208762
508896
61795
242147
802522
345078
440410
284736
701844
332799
471264
791468
959921
206226
551310
518835
98452
888486
909674
897173
60675
465362
665005
603257
517958
918270
291603
125272
431065
367582
808715
204897
864834
690427
52236
246844
80020
179947
538888
965286
841927
412548
305311
881029
851270
239474
291454
402376
605293
328262
12343
972340
83705
564450
75313
342848
32330
178200
958924
619741
944214
245303
730630
369977
156426
829432
502480
951550
5255
281064
932268
729223
561501
940049
554189
627528
711970
784189
84945
685967
980129
505069
518424
571576
300439
669018
389233
455715
455300
881052
911288
245063
247179
388927
215810
916753
145275
545352
355037
19057
474406
182955
441191
499673
403001
216514
228313
739051
942738
643324
795383
46673
374986
888828
217376
482075
621766
997221
234089
851151
55674
835153
372200
832195
983398
147989
654536
68045
482572
336909
67639
798906
135236
441056
469783
715438
217694
249319
359259
142376
610383
215157
168826
113369
567272
34021
105706
906629
601598
876151
384014
568544
773610
491818
538100
526719
745434
365441
734181
512718
693032
961325
261803
750223
175329
158099
183215
961581
517264
318412
539305
745511
589992
24329
279484
393092
744754
600238
855848
670230
571755
132030
429866
207675
814460
787397
289717
656743
350907
407735
581668
759309
981609
902607
226644
150975
955826
305838
120743
420805
877469
897450
310190
364098
499112
732367
16486
163945
170449
792618
731193
636641
497799
335563
342753
817770
577881
167710
939567
843344
642948
717711
49503
4287
899419
418703
77337
351927
983619
182745
330258
611658
867023
203999
71921
785842
239122
444305
249711
151836
435406
566820
12835
964896
329764
352738
379638
527934
24530
973648
642261
460725
584521
231606
976619
137881
576397
682429
163781
957819
272397
559776
745407
858464
233856
185691
969124
164484
950905
120813
494670
544430
730295
415819
344978
266121
569857
357834
852886
314343
788710
738282
547746
18122
856782
222553
599835
917899
810550
960851
9091
608938
72687
827832
350398
250799
609540
345404
683596
180624
114735
107402
599875
77270
646314
865236
871666
783070
649116
447844
477656
540762
945554
269923
780751
616478
943351
335430
205393
687347
589842
485404
808846
378224
465996
858657
430808
848168
840396
680499
14951
176028
495002
138044
203082
42329
178538
57244
569023
304569
427561
569468
26649
213652
918927
36743
94202
316530
372915
9042
507056
894948
540233
681718
720682
199569
348647
964452
195805
356862
105931
261869
934261
95227
198487
314473
759243
731002
69541
443606
105782
822309
95256
822410
340330
272596
795624
694019
708263
39228
699972
372188
113147
492523
135514
754013
600493
470475
892966
352687
167435
218353
155840
371378
680041
334718
461661
758327
934534
245612
241431
895724
976094
320569
844687
896769
169500
914524
478726
143814
785373
426634
592213
779543
552100
64485
549091
796314
724070
528931
271291
244447
846316
196753
871101
824614
613687
668695
340847
19283
484897
473630
897361
668304
174142
577280
157391
976575
902315
884218
768379
881681
517558
733295
421437
148471
339936
484121
838969
608330
717248
990994
300348
382415
174207
824447
378106
132390
679280
187716
62372
190689
474826
385899
732635
183341
452773
275022
11665
345646
571274
885362
720267
570798
161858
167005
486050
303880
66986
462890
407242
921576
136251
190334
360817
226035
323375
956314
843629
268200
98370
924477
607200
555493
65244
323976
371063
838334
767810
26882
705959
836493
89936
706472
839601
968096
862565
905996
610792
85406
868284
804634
161727
463238
506249
386301
458281
848972
842792
364648
989961
454889
559169
406350
53770
751352
242362
287225
312651
313002
305380
494156
735746
715301
68838
650666
361320
736279
856020
177067
229378
536809
617752
92886
364774
2443
275939
244680
110442
455576
557110
766817
534489
129080
4162
189442
775613
925410
106066
423918
845087
82236
386506
14314
487487
969525
757968
481290
424222
878277
942949
656920
806968
505497
93663
815135
51516
606370
437102
305820
590572
57898
515865
143630
566390
571617
307211
525212
33981
485126
758127
899822
488268
704027
668447
405315
980749
405298
81867
731324
25100
239214
379088
461003
75393
400536
199521
668491
569627
405871
68184
239238
810107
101186
752731
152722
560879
393130
990171
348459
541867
220336
27197
121748
178109
743236
898393
413638
976957
7622
836335
148423
217665
773119
787605
741391
528682
902747
361931
739076
215253
294427
773833
829924
671746
500381
722839
167001
517061
556615
454
268930
899906
627860
521889
471494
572060
668345
229858
97481
716713
118553
175802
243872
796925
22352
934113
917913
564773
715672
273162
661255
60823
649856
264902
520712
160075
171189
318667
554586
546380
630709
919877
683885
882702
331741
968848
572551
538313
379917
923988
586500
507198
475706
361051
16928
604451
70213
795895
418155
84286
982383
826266
913514
613281
734339
274073
483587
549781
688095
298887
387155
160449
340527
426187
878164
256544
473394
96179
737333
602651
399159
25880
723659
996215
254900
253873
431590
165499
462618
116191
95833
439138
382890
214397
398794
239900
206438
461381
841004
589424
511596
947969
65427
555585
872669
868001
470247
633133
868695
438672
946062
124660
711892
748060
361217
45233
207642
297086
789527
856558
944349
461187
71996
278864
406372
316706
465620
700927
578688
498450
568007
872413
224243
659478
447612
624166
314247
330689
376177
27841
61890
899321
288720
944101
125867
184955
853981
893514
730088
667067
204655
648608
799437
236745
868490
247439
316028
682027
870618
575686
716617
803884
789107
603338
81428
430416
903899
549791
582475
244833
826250
594680
418897
396921
237274
482837
238856
673853
548486
672206
363373
380647
650991
963340
838454
858866
941084
525866
391517
313766
170803
422083
857320
708869
678978
193956
826198
347384
685526
268618
840012
199827
958499
268442
289895
792510
940266
545929
769129
136121
249302
249767
821161
565246
854110
596247
847799
931606
906217
494889
965181
542788
842349
389701
289084
658734
664037
669912
43709
274303
117952
988126
346300
38973
381580
508518
101799
918831
664229
346065
70816
23320
14936
897748
679583
408643
350367
763011
875467
161076
114217
56866
600160
117584
475514
186474
32231
809377
645587
108796
674416
655490
219577
803795
155238
955263
505483
32412
847101
680988
907833
940419
14013
541596
74345
968837
228729
196330
249219
934641
281823
474971
6355
222921
934791
750741
675242
443672
138209
312179
283603
529172
335195
684698
664694
463393
605138
451589
67504
267541
278873
83554
253335
486408
674849
623590
315482
840940
126898
126450
400692
763597
144472
621533
374601
720817
792562
172280
62243
506249
670062
257554
388596
113140
952751
788274
690413
651766
147731
263946
815462
483081
285629
664114
438877
514065
446536
245969
184669
746573
338713
831395
348647
543824
935196
642391
916087
720593
954876
241670
899570
437028
944087
619173
701275
317015
992342
313300
528000
686926
149697
332129
948613
638132
185589
476831
30329
662005
704503
412570
691344
4258
682260
951608
80349
453960
93678
747502
769719
397951
982479
624557
926166
460653
361461
238815
81964
815803
191706
553837
980128
4507
883619
884232
965140
820165
684087
185060
698218
602123
540074
318598
150148
803295
320724
412984
790902
52743
243929
395635
646351
141158
925101
175054
81000
756619
864347
79454
228757
946013
174294
707089
919169
977481
963363
815300
486416
738850
41921
437528
129518
890889
355081
638605
261272
307310
732788
30499
721098
99658
437110
194309
791184
62238
132715
427979
147527
335960
447185
541028
92765
279523
468900
222786
591490
921516
807385
554772
669497
160085
61845
55133
215329
326522
646389
409131
918496
286703
528701
239056
563737
259875
570654
909173
513369
138794
390575
449993
127999
592936
157521
935025
818765
293056
707721
36436
184831
953490
77547
530497
747321
719636
223336
651740
670279
624598
222723
501616
633618
428950
897110
321783
121767
649036
504960
933771
900480
89021
843847
356097
360612
895604
533871
371061
246850
548766
747040
491884
667904
874678
505199
707407
756749
365354
789964
797227
282822
441640
819702
774027
857984
583981
67115
600217
310072
955700
837228
431872
979809
287180
362852
501833
977686
642437
471264
35370
173409
250648
213017
881759
320898
251041
661274
808078
681029
828929
436536
257590
430818
734223
831541
579218
402692
857753
403363
336853
63139
787563
954353
386159
538132
31709
544425
803906
504612
230612
562317
642469
485889
165029
276190
156657
468856
16266
844807
615440
209540
257999
990712
717262
328534
582603
259217
885545
649263
68096
935890
674368
143524
619203
925569
468170
914787
228999
815693
427232
350476
397407
213054
682719
292504
187857
14022
809882
378941
941264
428070
395435
500825
194488
975069
106928
516193
958267
286460
320597
690701
394836
79798
458233
154324
448027
144353
447377
469235
18885
958105
272187
769602
311742
695171
770266
898232
277447
453461
188254
228928
595828
617616
581252
951778
921471
462598
511887
123049
679915
745184
572797
353182
938073
40198
332165
402451
668419
605456
478076
591012
201465
767292
927304
65793
941428
684736
800442
625504
18789
780252
150077
912684
153108
185607
684068
605650
332777
513475
385219
333754
289650
419417
952376
201851
603950
621566
991049
588940
313353
889300
869186
889972
715439
212448
963956
845927
614295
359801
985461
870138
743515
236786
935592
933717
670588
67582
910893
543354
321059
4727
366744
66694
695674
836040
280403
978375
399035
666790
695032
75288
672742
211866
409765
875458
906035
703397
507268
46586
665407
163006
919991
128977
623486
342310
14552
23397
230149
295518
248046
659605
852492
35377
324034
440212
399751
801232
668804
913088
660186
419246
595733
744062
328274
76337
493045
984371
570886
542412
590564
226169
748036
481296
459679
115433
652116
160068
563171
301752
686244
285766
864593
255590
863667
176672
117142
535798
129960
404400
397167
571767
637558
769948
124390
507900
776249
100054
177135
850727
333664
991251
184386
328478
860439
682373
604118
786100
407294
713719
278713
681364
289455
140273
314857
915701
639721
366738
793
450680
326605
470619
264393
80851
676317
574634
772340
423306
294657
78389
534281
661502
575120
847639
107740
753090
299646
534694
253610
570240
829274
929296
217586
715948
909121
161433
94995
789759
78830
636161
963637
402252
662501
738207
773558
80025
903448
103495
490882
92190
415962
971064
851152
115434
243449
717239
407140
240463
226144
204704
617044
170541
675514
824139
1427
377674
276618
299893
173355
3602
546063
593212
572249
198936
652489
440001
320309
671180
654305
511617
387240
990543
88365
918444
595294
175230
231827
154138
830058
109632
542630
770706
794821
118536
983787
328070
95982
952351
79114
853536
290213
342685
562549
276003
793300
127948
528178
174572
496274
654389
447651
200262
162656
705307
189519
986988
7279
979781
310643
560127
990407
699142
699406
330341
102625
189196
562110
710530
876776
521440
919375
992586
200860
989312
287232
806077
913704
455508
175846
350547
64089
935550
164476
787185
841973
90178
938561
191925
435625
279432
533599
281296
199633
533911
319826
145019
307887
469486
391765
698942
931331
683620
24319
584421
647207
988749
991492
267671
358184
731545
429139
407229
991184
570410
713820
410292
895286
416989
732224
131894
926623
227316
662502
381957
193594
89704
610422
487701
983405
934479
348329
709714
21185
410087
673799
905509
387294
790401
863322
299798
441663
940059
813772
978186
557904
921774
892967
334113
5787
821949
507166
328824
294053
664361
962299
957607
743027
287228
980781
20303
123523
189112
364355
424853
697211
333964
32941
383579
164164
771863
47902
915596
332703
411777
134283
421779
734769
335666
975712
376126
283709
824295
362863
747398
285569
412090
769521
871242
793679
901721
191286
161190
605375
37255
640
537138
939658
335022
762033
341474
664080
410321
364059
936987
211550
613090
264386
363324
35916
365869
576478
760183
129771
123114
987921
105615
769738
796377
315643
272913
354138
105620
257273
961754
179205
527244
863605
182630
258697
170552
143961
385594
2707
302745
16549
272863
88175
277753
300075
597692
166380
402865
433993
505396
506191
546354
699337
214419
229682
294818
528577
869
378019
606668
489609
225829
357125
173018
69802
39550
956095
210665
491375
940584
660952
766049
489598
305437
694593
310589
723255
217223
632652
930318
120916
992373
740427
302840
121956
542150
604149
698885
425423
553443
957444
908765
730215
582984
65172
838876
818663
918783
978298
314692
319541
87029
622225
870272
789756
361138
360099
612893
519233
680557
785216
856835
127756
731251
685765
655084
166720
525253
365304
160249
210312
897082
537270
538339
128140
663026
807461
62247
184540
622280
843143
906192
237507
823492
888717
140166
173803
506244
38867
520030
51321
431277
63171
395378
737614
801183
850792
51540
891749
844338
297206
313486
752493
30320
484338
254642
426896
609473
960493
730155
508339
608857
370820
12651
554854
135607
863984
44891
394531
82611
935945
328788
179069
982107
689450
599192
373693
620267
746642
602687
425785
466768
191820
157116
437312
915448
425794
308536
566511
65239
394700
729774
49368
77145
211647
605021
956336
764106
123097
652123
328287
277947
304623
519955
894609
558912
208012
745758
522645
55699
78191
105666
178750
936750
886492
234878
499010
635392
789664
247905
918424
1668
328107
404591
514369
415859
805787
459032
437133
148970
933378
610776
569723
675352
378887
267205
651842
371361
191316
830354
275835
365353
498089
520012
12147
586258
711210
908919
598716
475553
430397
415132
298530
461077
379004
980521
273915
153139
921430
315120
229603
802396
529091
374995
382681
543504
703512
627218
990576
47357
319798
268990
604941
78099
503058
761499
480285
223845
976351
154083
581790
101013
556977
200191
151918
590702
105233
921818
711592
119568
129998
484346
490221
302847
78723
623223
587243
490499
330010
48566
630709
715413
600780
128264
769446
472122
825729
105642
643495
482010
978129
437573
834019
452373
424452
255888
116179
306892
662051
822153
361243
455407
610974
157359
835791
458126
98919
269995
938846
272746
613310
389834
859521
714520
256419
116973
614522
451525
816860
127994
589663
496623
103681
684074
287449
216754
928361
496191
517055
239457
632762
351310
690965
760551
694000
562418
400357
945442
454385
251041
986074
355193
130133
932339
252298
730425
413189
897500
119563
632404
443046
383759
774199
160973
509209
560987
670066
427249
98297
308735
221808
776970
680911
12660
482803
835425
6701
814702
139933
456985
335766
924532
735123
655921
773075
816765
79537
814488
16669
201314
847460
772584
802353
287045
534028
732591
985286
561634
399893
313730
907543
628877
961859
592570
458685
881934
854323
724644
390614
614744
700695
716872
476526
391378
736837
855787
657662
251020
539202
170379
318418
504533
944469
91722
551832
50086
967929
98743
121613
103359
87111
768798
225089
59280
310000
658648
129568
942648
539936
410517
994627
22368
816186
17970
345499
983563
29822
894678
576152
890618
174964
490492
57219
659188
910349
72220
672519
546235
312966
356658
416421
542779
122667
399893
725949
817304
46300
16284
781025
322214
736477
490898
546518
299943
299722
953962
169550
147076
139512
546578
414425
229599
674614
504357
571262
535858
938723
527674
783859
479282
584071
38104
437820
727334
12151
746342
246420
171435
552158
711818
269152
570465
409203
212338
305624
470188
857039
808405
612152
790394
755261
23981
650953
497659
424705
745568
963933
241685
756950
25939
915346
225143
850388
888822
741756
998856
519622
550152
970626
266308
455963
103325
896978
745866
356617
310092
370288
659790
210443
770481
782565
220608
425123
366552
581729
846277
948218
191069
687581
620702
694948
351621
278142
904066
643264
618519
441586
938300
202737
375314
407948
59365
159846
581398
801757
295466
255470
286116
462805
795081
581350
754161
543039
522913
609478
318590
335360
570174
909986
509010
43036
491421
293574
84007
281076
448795
390768
382755
553095
1619
547081
610378
976091
314579
130682
479562
492714
621537
832800
235233
715936
966905
850771
200115
744111
454450
514775
319953
589767
531986
683438
167611
809310
667980
550727
565967
790064
857239
682570
353256
531199
359558
379956
600622
333017
516429
215765
2515
31248
299696
796565
978991
695822
950777
690723
54603
21312
360552
724493
223623
103882
474844
879724
113097
669821
763300
787872
484792
382942
553036
631066
888570
640991
966819
265939
834619
245734
541372
301964
368931
951892
563244
581879
803408
342397
154945
193240
274164
485958
705826
440584
58775
60924
395013
415052
151583
477477
312996
433153
713042
128677
518489
906922
722403
542783
447280
460793
185321
640454
301171
653369
263093
219074
243308
211096
456033
318033
669707
83656
372527
33460
798981
870586
616564
945398
700221
735832
588917
37512
945563
270311
162998
817741
316312
298951
503315
350230
614590
957139
563427
45247
106071
391366
381587
553273
881394
754839
661692
71700
263346
365496
764259
4509
973216
239489
92421
522892
433285
55559
50717
423148
373793
844399
775288
848989
827973
272200
236513
300142
886092
239422
767522
681488
643911
648610
83566
927856
516314
593740
372370
144124
551244
14106
12235
280132
306451
158923
282780
313354
262317
599547
997217
361616
315602
729045
221240
21687
381692
812110
821938
706432
808821
798113
879086
786895
216615
897804
322687
391659
304396
655691
191979
120405
692966
439989
976554
589850
934784
564087
134444
536181
271165
804859
386002
584711
513841
